  0.853130579    
  0.928763270    
  0.914900422    
  0.864112377    
  0.846993327    
  0.846452892    
   1.00595605    
  0.892224789    
  0.886063516    
  0.808364987    
  0.793830514    
  0.794081628    
  0.799093425    
  0.777499914    
  0.900794029    
  0.970211089    
  0.978359580    
  0.938485920    
  0.976808727    
  0.828943193    
  0.851398826    
  0.843760908    
  0.933909118    
  0.821694016    
  0.867341399    
  0.850172281    
  0.891004384    
  0.865954280    
  0.794762313    
  0.788864017    
  0.838336587    
  0.867609799    
  0.893461108    
  0.873398781    
  0.835443020    
  0.799606323    
  0.839183390    
  0.864730418    
  0.743908525    
  0.808621228    
  0.828315616    
  0.862182200    
  0.863318086    
  0.851854622    
   1.08480597    
  0.787433028    
  0.889784873    
  0.880317688    
  0.853920281    
  0.871052384    
  0.836346686    
  0.824063718    
  0.822209477    
  0.842633605    
  0.815350413    
  0.770796299    
  0.940073311    
  0.849808276    
  0.852616787    
  0.845402718    
  0.930573106    
  0.835190594    
  0.831494510    
  0.813149571    
  0.794626176    
  0.781930685    
  0.798470080    
  0.799372077    
  0.801296592    
  0.813760519    
  0.812292993    
  0.924513519    
  0.889816880    
  0.872539878    
  0.854682088    
  0.883340478    
  0.900876284    
  0.915125012    
  0.906168699    
  0.883588910    
  0.834404290    
  0.807950079    
  0.806404710    
  0.792497873    
  0.797640324    
  0.914404929    
  0.829264224    
  0.790379703    
  0.868423283    
  0.850329518    
  0.842044294    
  0.843543530    
  0.890600979    
  0.938339412    
  0.912806094    
  0.844085813    
  0.834148228    
  0.812067807    
  0.845588386    
  0.846310914    
  0.837448001    
  0.852822900    
  0.831675828    
  0.826677382    
  0.868684113    
  0.830839515    
  0.820613384    
  0.890669584    
  0.862833202    
  0.834763885    
  0.814410508    
  0.808375180    
  0.814074278    
  0.833534420    
  0.860609591    
  0.888712525    
  0.789054811    
  0.845635116    
  0.827553988    
  0.862476110    
  0.809231222    
  0.804485500    
  0.814729214    
  0.802742183    
  0.803951919    
  0.849802494    
  0.784982681    
  0.863066018    
  0.837726593    
  0.818337023    
  0.825196803    
  0.828556716    
  0.754757226    
  0.715437710    
  0.773655295    
  0.737099111    
  0.882350624    
  0.864682078    
  0.822720885    
  0.799274802    
  0.800809026    
  0.771258473    
  0.788052082    
  0.797159612    
  0.804326773    
  0.751607716    
  0.724669874    
  0.783221781    
  0.759781599    
  0.761003971    
  0.743408084    
  0.754758120    
  0.786000907    
  0.798146904    
  0.782508194    
  0.776025414    
  0.806709170    
  0.749571025    
  0.753123879    
  0.787557483    
  0.787480772    
  0.791892171    
  0.847400606    
  0.789497316    
  0.792585373    
  0.784697771    
  0.864283025    
  0.764377713    
  0.753680229    
  0.781567991    
  0.822712421    
  0.815057516    
  0.877958715    
  0.826053321    
  0.832616627    
  0.827859879    
  0.827414393    
  0.767251015    
  0.726997674    
  0.839433908    
  0.767811894    
  0.756198287    
  0.733927608    
  0.740917027    
  0.708978772    
  0.701724887    
  0.702579677    
  0.678806305    
  0.772802889    
  0.752527714    
  0.732276320    
  0.741495192    
  0.760224283    
  0.810148895    
  0.726245582    
  0.767946124    
  0.766173601    
  0.764115393    
  0.742246211    
  0.705420315    
  0.815127075    
  0.769419372    
  0.752843976    
  0.808902681    
  0.803147674    
  0.786868811    
  0.769293427    
  0.757279873    
  0.767738879    
  0.748273671    
  0.728611410    
  0.741118491    
  0.731613815    
  0.785213709    
  0.774289727    
  0.748697281    
  0.749241173    
  0.888564527    
  0.792150021    
  0.898280680    
  0.869791687    
  0.925079286    
  0.903688371    
  0.885047615    
  0.761328101    
  0.734234512    
  0.731749415    
  0.732896388    
  0.742336988    
  0.743001819    
  0.722613394    
  0.722657204    
  0.714511573    
  0.717002988    
  0.709956706    
  0.732880771    
  0.708496571    
  0.734349728    
  0.721505523    
  0.726913929    
  0.713598192    
  0.759807527    
  0.783117771    
  0.786876500    
  0.848996878    
  0.811205506    
  0.792722285    
  0.748234630    
  0.750577390    
  0.723971426    
  0.720113218    
  0.707724810    
  0.736841679    
  0.728958726    
  0.764757276    
  0.747376025    
  0.785786808    
  0.762439013    
  0.761070013    
  0.770423174    
  0.760485172    
  0.778280616    
  0.757434428    
  0.717939675    
  0.874759018    
  0.799055219    
  0.732676983    
  0.719537377    
  0.776408017    
  0.736421525    
  0.732271016    
  0.754635572    
  0.755133510    
  0.787389219    
  0.732744217    
  0.713850796    
  0.709700227    
  0.727577686    
  0.746878624    
  0.775992990    
  0.750554919    
  0.725634217    
  0.783373117    
  0.767804205    
  0.760908008    
  0.799397290    
  0.787839472    
  0.770179212    
  0.774123788    
  0.778009713    
  0.756234705    
  0.753779173    
  0.767045796    
  0.787819922    
  0.785605490    
  0.771951973    
  0.754841089    
  0.738741577    
  0.757916272    
  0.762247026    
  0.769770980    
  0.781848788    
  0.741227984    
  0.754825413    
  0.796435118    
  0.854574680    
  0.815350175    
  0.923059821    
  0.930432677    
  0.880758882    
  0.878814280    
  0.748485208    
   1.89181900    
  0.579324722    
  0.455947906    
  0.523818076    
  0.371607989    
  0.412386686    
  0.807336628    
  0.837191522    
  0.823173106    
  0.811278284    
  0.920473218    
  0.875418723    
  0.869533777    
  0.899837017    
  0.881101727    
  0.810745478    
  0.792319894    
  0.815033793    
  0.816736221    
  0.740343392    
  0.828612983    
  0.871350110    
  0.821650386    
  0.843756378    
  0.857155025    
  0.834557414    
  0.871314526    
  0.877635121    
  0.830638826    
  0.881000876    
  0.902373075    
  0.852805972    
  0.848853290    
  0.827970088    
  0.848208427    
  0.835629821    
  0.830751598    
  0.851865709    
  0.831859112    
  0.903672278    
  0.915167272    
  0.841244221    
  0.888143182    
  0.843675613    
  0.850184977    
  0.832034111    
  0.769245327    
  0.807141125    
  0.883264124    
  0.822074890    
  0.862122416    
  0.882750511    
  0.921398699    
   1.31351197    
   1.28590000    
   1.26302195    
   1.09097302    
   1.04206800    
   1.04848003    
   1.13522696    
   1.04016495    
   1.01393199    
   1.02328897    
   1.09768701    
   1.05631995    
  0.982775927    
  0.968339324    
  0.948908389    
  0.964605927    
  0.980207980    
   1.00769806    
  0.933516920    
  0.932431281    
  0.954622328    
  0.934975326    
  0.922392905    
  0.919667125    
  0.901892722    
   1.02141297    
  0.923432529    
  0.929812372    
  0.907306015    
  0.921158612    
  0.964538515    
   2.87180901    
  0.971239388    
  0.986563981    
  0.966437817    
  0.954199612    
  0.963629782    
  0.932051122    
  0.907245517    
  0.928236783    
  0.861980796    
  0.854392171    
  0.892151415    
  0.872465014    
  0.909460425    
  0.942292929    
  0.925019085    
  0.936194420    
  0.998887300    
  0.947011113    
  0.892603517    
  0.931655824    
  0.931491315    
  0.930120587    
  0.847874999    
  0.943726003    
  0.950521588    
  0.926110089    
  0.902356803    
  0.906760514    
  0.916630030    
  0.892086506    
  0.932865381    
  0.966558695    
  0.945582211    
  0.933769405    
  0.897565007    
  0.819086313    
  0.807504773    
  0.812334895    
  0.826022983    
  0.866249382    
  0.817004800    
  0.869759977    
  0.884918213    
  0.813372791    
  0.822971225    
  0.802041411    
  0.938182116    
  0.929302394    
  0.898670614    
  0.872311771    
  0.879360020    
  0.863708973    
  0.866350710    
  0.924032927    
  0.857975006    
  0.897059917    
  0.947828293    
  0.896426916    
  0.902037084    
  0.890169084    
  0.855364323    
  0.887028813    
  0.846927226    
  0.873357177    
   9.98999977    
  0.892508626    
  0.863209426    
  0.863161683    
  0.866915822    
  0.832725823    
  0.857278407    
  0.880747974    
  0.932384372    
  0.909787595    
  0.890378416    
  0.910890102    
  0.904214382    
  0.863211930    
  0.939816713    
  0.893722594    
  0.857404172    
  0.882304907    
  0.801841795    
  0.843738377    
  0.923201323    
  0.877877176    
   1.05128503    
   1.10624003    
   1.02279401    
  0.885871828    
  0.902982473    
  0.913426697    
  0.918396771    
  0.910435975    
  0.890128911    
  0.911365688    
  0.920027018    
  0.893259883    
  0.871817529    
  0.907782078    
  0.893452823    
  0.814236999    
  0.959231794    
  0.879009426    
  0.911129773    
  0.876521528    
  0.873351693    
  0.899848878    
  0.934008718    
  0.885513902    
  0.929693699    
  0.936678529    
  0.970313728    
  0.921941280    
  0.887613773    
  0.975533426    
  0.922186315    
  0.863569081    
  0.827072978    
  0.871514022    
  0.836639106    
  0.849866211    
  0.860024571    
  0.826715887    
  0.875324786    
  0.914116383    
  0.848524570    
  0.888936520    
  0.894795477    
  0.852000713    
  0.877656877    
  0.871919394    
  0.950599372    
  0.975151181    
   1.04288304    
  0.886695921    
  0.860369086    
  0.884046078    
  0.901652873    
  0.865404427    
  0.834999979    
  0.887172282    
  0.861592710    
  0.978162110    
  0.904616892    
  0.909113884    
  0.973244429    
   1.02559698    
   1.03473496    
  0.994280577    
  0.961561084    
  0.565849721    
  0.622042716    
  0.727391481    
  0.913950086    
  0.883442998    
  0.895806015    
  0.972449183    
  0.990150273    
  0.903301120    
  0.917648077    
  0.960993886    
  0.901858628    
  0.974003315    
  0.904699385    
  0.947706878    
  0.985634983    
  0.959047973    
  0.927049696    
  0.903103888    
  0.897748888    
  0.961499989    
  0.870541394    
  0.817839622    
  0.828740001    
  0.851060212    
  0.825935185    
  0.927577794    
  0.907632113    
  0.984840393    
  0.919704497    
  0.925866485    
  0.910668910    
  0.859599590    
  0.855870306    
  0.895258904    
  0.948187113    
  0.903540075    
  0.866960287    
  0.881808519    
  0.939322114    
  0.882017672    
  0.942787826    
  0.901364684    
  0.883455276    
  0.953012705    
  0.924043119    
  0.865894794    
  0.893645823    
  0.855658293    
  0.879220426    
  0.800502181    
  0.798367679    
  0.830873787    
  0.904211104    
  0.847980380    
  0.881583571    
  0.804500282    
  0.824682176    
  0.818885326    
  0.995765984    
  0.882842898    
  0.839038730    
  0.849170983    
  0.846723378    
  0.875449002    
  0.917084575    
  0.883470774    
  0.874098122    
  0.814889193    
  0.821018100    
  0.838721693    
  0.873178482    
  0.876821518    
  0.866532922    
  0.802331924    
  0.765695393    
  0.768169522    
  0.815110683    
  0.809079587    
  0.884913921    
  0.815728605    
  0.803534985    
  0.798910320    
  0.789907277    
  0.831025422    
  0.835060596    
  0.827732027    
  0.812051475    
  0.829140007    
  0.795730710    
  0.829952121    
  0.832107604    
  0.775636077    
  0.809782624    
  0.807055473    
  0.823471427    
  0.991245389    
  0.943083704    
  0.873317182    
  0.877873421    
  0.807378113    
  0.805261314    
  0.791309118    
  0.891701519    
  0.811050117    
  0.820003808    
  0.816757500    
  0.808903873    
  0.876133382    
  0.795543790    
  0.825834870    
  0.827886224    
  0.851150513    
  0.837035716    
  0.982069612    
  0.913336515    
  0.927634418    
   1.00288296    
   1.00280595    
   1.04837406    
   1.09160197    
   1.11308300    
  0.862972498    
  0.772472203    
  0.844237387    
  0.914363384    
  0.863241374    
  0.909525514    
  0.886543930    
  0.873150826    
  0.933736682    
  0.916402876    
  0.886794806    
  0.891512275    
  0.905556619    
  0.966924429    
  0.948611021    
  0.999136388    
  0.952938914    
  0.973402321    
  0.893287778    
  0.965095580    
  0.898460507    
  0.891430676    
   1.00081205    
  0.931790888    
  0.997964382    
  0.834772527    
  0.881984293    
  0.950767279    
  0.882065713    
  0.959518790    
  0.974726021    
  0.898702025    
  0.885623097    
  0.917611599    
  0.916753829    
  0.911998808    
  0.989694118    
  0.930837095    
  0.946887374    
  0.905696213    
  0.889703691    
  0.905877173    
  0.966949582    
  0.907466173    
  0.926038027    
  0.900061727    
  0.917962372    
  0.919266820    
  0.940099180    
  0.810084522    
   1.02707696    
  0.995929122    
  0.949433804    
   1.06520104    
  0.993282080    
  0.887446523    
   1.01294601    
  0.969370127    
  0.909025073    
  0.898293674    
  0.915168107    
  0.890845418    
  0.891402423    
  0.825124919    
  0.896869779    
  0.932624519    
   1.00294399    
  0.965233922    
  0.940904081    
  0.948055506    
  0.923760772    
  0.914091110    
   1.00390899    
  0.943403482    
  0.917847097    
  0.952592373    
  0.953665316    
  0.949444115    
  0.944709182    
  0.918887079    
  0.915698826    
  0.895071208    
  0.907872319    
   1.00531900    
   1.07579195    
  0.930842817    
  0.867479622    
  0.963665485    
  0.998565793    
  0.982879877    
  0.912934899    
  0.901982725    
  0.891973913    
  0.905343294    
  0.888657808    
  0.892619073    
  0.882376313    
  0.907102823    
   1.00387204    
  0.889879882    
  0.999062121    
  0.946748614    
  0.937479019    
   1.08686101    
   1.03030002    
   1.01099300    
  0.942234814    
  0.942562878    
  0.889441907    
  0.930045128    
   1.01110303    
  0.999015987    
  0.947340071    
   1.07899499    
  0.864742100    
  0.908506811    
  0.851880789    
  0.904590786    
  0.978720486    
  0.888728201    
  0.930033505    
  0.894954383    
  0.926450372    
  0.925919771    
  0.858875513    
  0.940620124    
  0.931572318    
  0.894451022    
  0.859467626    
  0.857431591    
  0.858330071    
  0.862372220    
  0.869476080    
  0.887339175    
  0.873736084    
  0.836533487    
  0.964549482    
  0.933626413    
  0.919293880    
  0.954111516    
  0.956367671    
  0.916332006    
  0.893926382    
   1.00364494    
  0.940600991    
  0.913495481    
  0.966569602    
   1.01213598    
   1.02027202    
   1.06197500    
   1.08056295    
  0.909100115    
  0.849508226    
  0.843544006    
  0.918800712    
  0.915147185    
  0.884388626    
  0.948266804    
  0.879244030    
  0.891105115    
  0.882343471    
  0.880854487    
  0.883937776    
  0.871640384    
  0.907764018    
  0.904825926    
  0.884189725    
  0.850247622    
  0.874848783    
  0.890992403    
  0.884729326    
  0.902865529    
  0.903331220    
  0.903744578    
  0.905234993    
  0.888899326    
  0.901615024    
  0.884247422    
  0.936296523    
  0.915185809    
  0.902109623    
  0.882613420    
  0.923965275    
  0.867607713    
  0.870714009    
  0.898493588    
  0.886071205    
  0.858365774    
  0.862372100    
  0.889543891    
  0.840198815    
  0.918771029    
  0.906879187    
  0.883300424    
  0.985688388    
  0.937623501    
  0.863575578    
  0.854574323    
  0.848556280    
  0.902440071    
  0.898444712    
  0.910824776    
  0.950022221    
  0.866301477    
  0.838633180    
  0.846698403    
  0.968971372    
  0.946985483    
  0.876413882    
  0.887070715    
  0.842435718    
  0.829139292    
  0.829369783    
  0.819923282    
  0.814062476    
  0.886452913    
  0.836853921    
  0.820029199    
  0.764873028    
  0.724787116    
  0.852950871    
  0.869391620    
  0.885656118    
  0.878300428    
  0.912571490    
  0.875035584    
  0.913292527    
  0.879551589    
  0.818494678    
  0.855286717    
  0.887345672    
  0.897459328    
  0.955912471    
  0.906737387    
  0.881371677    
  0.907613814    
  0.945903182    
  0.915431619    
  0.930097222    
  0.927809775    
  0.857889771    
  0.894089401    
  0.864799619    
  0.881569326    
  0.916805089    
  0.896465123    
  0.879059911    
  0.890616775    
  0.849059403    
  0.831846416    
  0.853309214    
  0.927644372    
  0.898120105    
  0.936725497    
  0.931923985    
  0.912993312    
  0.999924481    
  0.917820573    
  0.852109075    
  0.869880676    
  0.899004221    
  0.871884823    
  0.894232512    
  0.913602412    
  0.896371126    
  0.874451995    
  0.850333989    
  0.897317410    
  0.968092322    
  0.927724481    
  0.992678881    
   1.03750002    
  0.987735093    
  0.955499411    
  0.908474326    
  0.921695590    
  0.935123682    
  0.900273681    
  0.930102885    
  0.956779718    
  0.936299920    
  0.969262183    
  0.881058216    
  0.898903430    
  0.925401807    
  0.906081200    
  0.897849798    
  0.907285929    
  0.918825686    
  0.928734183    
  0.924365520    
  0.950356126    
  0.929933429    
  0.887695074    
  0.865644217    
  0.857700884    
  0.837617278    
  0.877782404    
  0.897771299    
  0.923565686    
  0.919957817    
  0.858448327    
  0.868384302    
  0.849128127    
  0.879086494    
  0.884479880    
  0.877549291    
  0.896165609    
  0.867183685    
  0.853524625    
  0.873264074    
  0.881877124    
  0.900058329    
  0.906865120    
   1.00034106    
  0.909657896    
  0.913532615    
  0.943821907    
  0.918106973    
  0.914044678    
  0.946354330    
  0.894074380    
  0.862523079    
  0.873528600    
  0.838940322    
  0.828390419    
  0.836755216    
  0.833058476    
  0.838055909    
  0.890377283    
  0.903617799    
  0.988674819    
