  -1.65082002    
  -1.64055598    
  -1.47974801    
  -1.25125694    
 -0.968813121    
  -1.36109900    
  -1.26239204    
  -1.45013595    
  -1.16965997    
  -1.21002400    
 -0.962534904    
  -1.33358300    
  -1.21344602    
 -0.930885077    
 -0.854740381    
 -0.797115624    
 -0.599684179    
 -0.285077006    
 -0.972119629    
  -1.86801100    
  -1.56264496    
  -1.47242498    
  -1.53050196    
  -1.42447996    
  -1.28277504    
  -1.43241000    
  -1.68705106    
  -1.49194896    
  -1.65085804    
  -1.22807503    
  -1.30979395    
  -1.89492702    
  -1.61780000    
  -1.68645298    
  -1.53705001    
  -1.55848801    
  -1.46370995    
  -1.53702402    
  -1.71283901    
  -1.46330404    
  -1.53892398    
  -1.55587101    
  -1.40235901    
  -1.46869898    
  -1.28181195    
 -0.737582684    
 -0.902302384    
 -0.418064892    
 -0.339263886    
 -0.379736990    
 -0.651345074    
 -0.530965328    
 -0.939068675    
 -0.975233018    
  -1.26523602    
  -1.00128996    
  -1.19623101    
 -0.960692704    
 -0.487431407    
  -1.30622005    
 -0.956045210    
 -0.696237981    
 -0.854654908    
  -1.01295400    
  -1.22262096    
  -1.06418097    
  -1.12168097    
 -0.484340489    
 -0.758690000    
 -0.344401687    
  -1.07105100    
  -1.11255395    
  -7.13971630E-02
 -0.205561295    
 -0.223366305    
  -1.20860004    
  -1.51807296    
 -0.879905879    
  -1.45965099    
  -1.30682504    
  -1.44484603    
  -1.31585503    
  -1.73420799    
  -1.32857502    
 -0.554920971    
  -9.80291367E-02
 -0.833674312    
 -0.972995222    
  -1.19000494    
  -1.20429003    
  -1.19155300    
  -1.23284602    
  -1.43547595    
  -1.54625201    
 -0.729416013    
 -0.736765921    
 -0.219872102    
 -0.701341987    
 -0.544338226    
 -0.689209223    
 -0.547526181    
 -0.460947514    
 -0.947524905    
  -1.26955795    
  -1.45310795    
  -1.15714800    
 -0.838935912    
 -0.761968613    
 -0.835922122    
 -0.755687475    
  -1.38259602    
  -1.46170402    
 -0.548122287    
 -0.605777800    
 -0.893838227    
  -1.18685699    
 -0.853416383    
  -1.46519005    
  -1.05558503    
 -0.831368506    
  -1.11278296    
 -0.508727789    
 -0.617367625    
 -0.416339010    
 -0.663388729    
 -0.660810113    
  -1.14032495    
  -1.26874304    
  -1.16754997    
  -1.10752904    
  -1.80272603    
 -0.631988883    
  -6.76932037E-02
   5.80448993E-02
   9.98760983E-02
  0.303246707    
  -1.34263301    
  -1.28134799    
  -1.43364096    
  -1.32559502    
  -1.29190898    
 -0.585561872    
 -0.618861914    
 -0.892859697    
  -1.29070306    
  -1.31458998    
  -1.38369298    
  -1.56107700    
  -1.46526802    
  -1.10125899    
  -1.47685206    
  -1.47301400    
  -1.44233203    
  -1.31388998    
  -1.07693696    
 -0.790647984    
  -1.00824201    
 -0.952146292    
 -0.898576379    
  -1.39546001    
  -1.21001697    
 -0.649445117    
 -0.703451395    
 -0.507012725    
 -0.560766697    
 -0.819073379    
 -0.794694424    
 -0.458554804    
 -0.297552705    
 -0.201061696    
 -0.602874279    
 -0.711605728    
  -1.07759595    
 -0.754032075    
 -0.783267319    
 -0.674720585    
 -0.584595799    
 -0.683659673    
  -1.22492802    
 -0.993344128    
 -0.423456788    
 -0.305100203    
 -0.602406085    
  -1.14926195    
  -1.38749301    
  -1.27950799    
  -1.31441200    
  -1.52855802    
  -1.24883294    
  -1.19757998    
  -1.07265902    
 -0.929998219    
 -0.835554481    
 -0.613846779    
 -0.397315115    
 -0.383538991    
 -0.295064986    
 -0.483672410    
 -0.718025208    
 -0.772068977    
 -0.793799579    
 -0.798094094    
 -0.810777187    
  -1.43947101    
  -1.38857901    
  -1.31380606    
  -1.10606098    
  -1.13652205    
  -1.31606901    
 -0.915662885    
  -1.34859204    
  -1.21625900    
  -1.19092202    
  -1.02757001    
  -1.27570498    
  -1.04286098    
 -0.840251684    
  -1.06981802    
  -1.22034895    
  -1.18268502    
  -1.04477501    
 -0.820938230    
 -0.857184112    
  0.901790380    
 -0.571211815    
 -0.550491393    
 -0.532924473    
 -0.641584277    
  -1.17946804    
 -0.946476877    
 -0.756496727    
 -0.759195507    
 -0.633315802    
 -0.823218703    
 -0.473710299    
 -0.442437798    
  -1.58222103    
  -1.20599198    
 -0.724114776    
  -1.16133904    
  -1.33640599    
  -1.20514095    
 -0.946299672    
 -0.837152898    
 -0.264768600    
  -1.02412105    
  -1.25301003    
  -1.12892902    
  -1.34062004    
  -1.28991902    
  -1.48329699    
  -1.14666104    
  -1.52987301    
  -1.34910500    
  -1.31542599    
  -1.20569098    
  -1.23813403    
  -1.32909799    
  -1.34156704    
  -1.24541402    
 -0.505833387    
 -0.754612386    
 -0.944064021    
  -1.23275900    
  -1.10508895    
 -0.977876008    
 -0.598891318    
  -1.03104198    
  -1.46810699    
  -1.50198305    
  -1.32573402    
  -1.19044805    
 -0.886874497    
 -0.947342217    
  -1.00144100    
 -0.894446373    
 -0.994418681    
  -1.12874901    
  -1.14685798    
 -0.935879290    
 -0.866021574    
  -1.01458204    
  -1.02571797    
  -1.32045496    
  -1.35238004    
  -1.27859199    
  -1.12771595    
  -1.06885302    
  -1.03164101    
  -1.03795397    
 -0.937876523    
  -1.04586303    
  -1.00004804    
 -0.941051424    
 -0.912656724    
 -0.822419286    
 -0.639468729    
 -0.521153927    
 -0.592185616    
 -0.411467612    
 -0.276096702    
  -1.28318906    
  -1.27813601    
  -1.30838299    
  -1.06143904    
 -0.874253392    
 -0.619412899    
 -0.680931091    
  -1.22046900    
 -0.875040710    
 -0.728189588    
 -0.702905893    
  -1.19892299    
  -1.10169697    
  -1.21522903    
  -1.03189194    
  -1.19295597    
 -0.624854684    
 -0.761497974    
 -0.808896184    
 -0.467544109    
  -1.14530301    
  -1.13948703    
  -1.28393602    
  -1.14895701    
 -0.955119729    
  -1.30257499    
  -1.38592196    
  0.106703199    
  -1.14887094    
  -1.24064004    
 -0.686242104    
  0.282787412    
  -1.26589406    
  -1.26983500    
  -1.16665697    
  -1.13431299    
  -1.12141001    
  -1.19129801    
  -1.27742100    
  -1.45567405    
  -1.40268505    
  -1.38111401    
  -1.21690404    
  -1.07593799    
  -1.45110798    
  -1.13918602    
 -0.814684689    
 -0.678641915    
  -1.21403897    
  -1.00427794    
  -1.15018106    
 -0.995880187    
 -0.863806903    
 -0.582308829    
 -0.330880404    
 -0.294589013    
  -1.27963495    
  -1.19558704    
 -0.977043211    
 -0.854039490    
  -1.13617504    
  -1.04339600    
 -0.989698589    
  -1.11310899    
  -1.21748400    
  -1.10987699    
  -1.17482996    
  -1.17196000    
  -1.12296796    
 -0.963881910    
  -1.15145600    
  -1.22534502    
  -1.22184396    
 -0.860305727    
  -1.33373797    
  -1.35896397    
  -1.25560904    
  -1.14440298    
 -0.832480073    
 -0.835835874    
 -0.830980480    
  -1.49670303    
  -1.52376497    
  -1.16792202    
 -0.994521379    
  -1.30103195    
  -1.32792699    
  -1.24801803    
  -1.04455304    
  -1.20482898    
  -1.27877295    
  -1.27109003    
  -1.35807300    
  -1.12780797    
 -0.981575489    
  -1.26634598    
  -1.11494398    
  -1.28430796    
  -1.11924398    
  -1.21537399    
  -1.26293600    
  -1.35046303    
  -1.24977601    
  -1.26130795    
  -1.29243898    
  -1.25265598    
  -1.22620595    
  -1.08369601    
 -0.582469523    
 -0.981339574    
 -0.391269714    
 -0.667986810    
 -0.984422684    
 -0.834605813    
 -0.866882920    
  -1.31447101    
  -1.07227099    
 -0.970265388    
 -0.925223887    
 -0.871859014    
  -1.02307296    
 -0.624654114    
  -1.18681598    
  -1.49982905    
  -1.42148399    
  -1.42391300    
  -1.01175499    
 -0.863723576    
 -0.690785527    
 -0.559936583    
 -0.977521300    
  -1.61805499    
  -1.86000001    
  -1.79743397    
  -1.46744299    
  -1.37323499    
  -1.13697195    
  -1.65413797    
  -1.41115499    
  -1.21855402    
  -1.15805304    
  -1.08387101    
 -0.992187083    
 -0.882678509    
  -1.15747404    
  -1.48833203    
  -1.48043001    
  -1.48671401    
  -1.41618097    
  -1.31009805    
  -1.32381499    
  -1.55316901    
  -1.55819201    
  -1.58460402    
  -1.47829998    
  -1.54324698    
  -1.49709594    
  -1.40569699    
  -1.35443497    
  -1.21511698    
  -1.20512795    
 -0.958813488    
  -1.70505500    
  -1.52160203    
  -1.57821298    
  -1.57616496    
  -1.34873605    
  -1.28184104    
 -0.886620522    
 -0.417625308    
  -1.20060503    
  -1.51120102    
  -1.53515196    
  -1.62296498    
  -1.46586704    
  -1.46493196    
  -1.33859205    
  -1.29889202    
  -1.21768904    
  -1.52037895    
  -1.48784602    
  -1.28348899    
  -1.35634506    
  -1.31529105    
  -1.30060804    
  -1.39315796    
  -1.38397896    
 -0.923756182    
  -1.83386302    
  -1.76147103    
  -1.42541206    
  -1.41138995    
  -1.33364403    
  -1.27494895    
  -1.21199298    
  -1.30313003    
  -1.15569794    
 -0.777232230    
 -0.610535026    
 -0.586862683    
 -0.688663483    
  -1.81097102    
  -1.46307504    
  -1.54519701    
  -1.53886199    
  -1.34833097    
  -1.61179805    
  -1.54088295    
  -1.48527396    
  -1.18811500    
 -0.918347418    
  -1.44603896    
  -1.52308595    
  -1.47674894    
 -0.583150327    
  -1.28076696    
  -1.40884101    
  -1.30029595    
  -1.21224594    
  -1.31514394    
  -1.35367405    
  -1.20685005    
  -1.28763199    
  -1.36826098    
  -1.11037397    
  -1.45182896    
  -1.59273303    
  -1.46291804    
  -1.35523999    
  -1.42659700    
  -1.24435699    
  -1.24745095    
  -1.30074096    
 -0.815748692    
 -0.841667414    
 -0.568557799    
  -1.70573604    
  -1.80770898    
  -1.47303402    
  -1.41906905    
 -0.804985225    
  -1.08266795    
 -0.998303473    
 -0.996053874    
  -1.01030099    
 -0.902266324    
 -0.914833724    
  -1.68937004    
  -1.79423296    
  -1.66319704    
  -1.27191198    
  -1.42286694    
  -1.16973197    
  -1.41298103    
  -1.33790398    
  -1.22440803    
 -0.925042510    
 -0.840962827    
  -1.24970102    
  -1.09246802    
  -5.42923880    
  -1.24972403    
 -0.957216382    
  -1.78804505    
  -1.44561899    
  -1.29047894    
  -1.35199702    
  -1.21082795    
  -1.07366896    
  -1.15922594    
 -0.992568374    
 -0.673247814    
  -1.64115906    
  -1.33316195    
  -1.31554401    
  -1.25082803    
  -1.42469203    
  -1.43821299    
  -1.38929403    
  -1.52723098    
  -1.55549002    
  -1.53895402    
  -1.38454795    
  -1.42654395    
  -1.45296705    
  -1.61247599    
  -1.62995398    
  -1.44789004    
  -1.46814799    
  -1.29908502    
  -1.25635600    
  -1.43959200    
  -1.30715203    
  -1.25798094    
  -1.38353801    
  -1.02504802    
  -1.00909197    
  -1.19410098    
  -1.14079905    
  -1.20356798    
  -1.45916104    
  -1.54993498    
  -1.44477999    
  -1.34284198    
  -1.32022297    
  -1.68737304    
  -1.67349994    
  -1.61454403    
  -1.46526504    
  -1.54139900    
  -1.16345000    
  -2.07741809    
  -1.34410095    
  -1.49512899    
  -1.31727695    
  -1.47039700    
  -1.64951205    
  -1.49703205    
  -1.69944203    
  -1.57192194    
  -1.47380400    
  -1.65979505    
  -1.70194602    
  -1.43669200    
  -1.56035399    
  -1.47059000    
  -1.33764994    
  -1.37925994    
  -1.52871394    
  -1.50172997    
  -1.22227204    
  -1.48551404    
  -1.32823896    
  -1.27796304    
  -1.47778296    
  -2.00888300    
  -2.11679697    
  -2.45469594    
  -1.72567296    
  -1.77904201    
  -1.67238605    
  -1.40838695    
  -1.54156601    
  -1.40980995    
  -1.64294899    
  -1.49797797    
  -1.58792400    
  -1.50963902    
  -1.33711505    
  -1.26283395    
  -1.35192597    
  -1.33960402    
  -1.17137802    
  -1.07589197    
  -1.00082803    
 -0.650195599    
  -1.09364295    
  -1.16602302    
 -0.751156628    
 -0.939247429    
 -0.801522076    
  -1.15183306    
  -1.13585198    
  -1.17399800    
 -0.953723907    
  -1.32993102    
  -1.44065702    
  -1.08123100    
  -1.24212301    
  -1.22950995    
  -1.26452696    
  -1.22690797    
  -1.21702099    
  -1.24759996    
  -1.35640705    
  -1.45606101    
  -1.27575803    
  -1.29434395    
  -1.51054204    
  -1.55927801    
  -1.06690896    
 -0.891449988    
  -1.71429300    
  -1.62662899    
  -1.55784798    
  -1.43036997    
  -1.41139102    
  -1.38830698    
  -1.32826900    
  -1.29576802    
  -1.20866597    
  -1.03835905    
 -0.930670619    
 -0.935110688    
 -0.922608316    
 -0.806286871    
  -1.43867099    
  -1.40229905    
  -1.29007494    
  -1.29247904    
  -1.20784402    
  -1.35292494    
  -1.20985699    
  -1.13377404    
 -0.943096995    
  -1.47442400    
  -1.14636302    
  -1.78013396    
  -1.55056798    
  -1.84796906    
  -1.55952704    
  -1.53635800    
  -1.46786904    
  -1.47708905    
  -1.50474894    
  -1.38743806    
  -1.36793494    
  -1.29767799    
  -1.26665902    
  -1.82804596    
  -1.82359695    
  -1.48000705    
  -1.26852703    
  -1.37809801    
  -1.52838898    
  -1.30694997    
  -1.09934199    
 -0.920033693    
  -1.68682396    
  -1.56808102    
  -1.59774005    
  -1.35185897    
  -1.47975194    
  -1.37276196    
  -1.71181798    
  -1.47010195    
  -1.47255397    
  -1.37628496    
  -1.51764405    
  -1.53986204    
  -1.27418399    
  -1.43523300    
  -1.48107195    
  -1.29985201    
  -1.21901095    
  -1.18073499    
  -1.84701395    
  -1.74965298    
  -1.62621796    
  -1.59627700    
  -1.52400696    
  -1.12645900    
 -0.768290818    
  -1.30972397    
  -1.77836001    
  -1.57280695    
  -1.52821898    
  -1.45186901    
  -2.10991096    
  -1.98077095    
  -1.51595998    
  -1.85730100    
  -1.84085703    
  -1.70258296    
  -1.34658301    
  -1.12959504    
  -1.31839597    
  -1.08437896    
  -1.49887705    
  -1.14004898    
  -1.45254505    
  -1.33332896    
  -1.10485697    
  -1.71639001    
  -1.57671201    
  -1.68994796    
  -1.44510603    
 -0.983282506    
  -1.29510903    
  -1.10127294    
   0.00000000    
