  -9.53801423E-02
  -6.71192035E-02
  -3.13916095E-02
  -4.49825302E-02
 -0.218974099    
  -7.57782608E-02
 -0.141309202    
  0.365652204    
  -7.65651315E-02
  0.182823405    
  0.226431400    
  -1.65464394E-02
 -0.149518996    
  -9.68154892E-02
  -9.24329609E-02
 -0.107831404    
  -9.53149498E-02
 -0.117807999    
 -0.218662694    
  0.211970404    
 -0.102423400    
 -0.170206994    
  -6.86519071E-02
   1.45630799E-02
  -4.18550111E-02
  -9.06552523E-02
 -0.167958796    
 -0.159181893    
   7.12591633E-02
  0.119484700    
 -0.121735901    
  -5.01627708E-03
   4.35779197E-03
  -6.08698316E-02
  -8.51491932E-03
 -0.137302399    
  -8.70904997E-02
  -9.11335871E-02
  0.308765411    
   3.79469208E-02
   4.17588417E-05
 -0.228254095    
 -0.137976706    
 -0.247025594    
 -0.190086499    
  -4.80611697E-02
 -0.148502901    
  -1.88076105E-02
   1.74011395E-03
  -1.24627203E-02
 -0.111642197    
 -0.140035003    
 -0.190408096    
  -6.38744906E-02
 -0.151773199    
   1.19015696E-02
 -0.262596697    
  -4.25518714E-02
 -0.235806495    
 -0.149842799    
 -0.105573498    
  -2.23007202E-02
  -8.05983394E-02
  -2.21084096E-02
  -9.95385926E-03
   4.68921103E-02
  -9.54655036E-02
  -9.50876921E-02
 -0.222372994    
 -0.210376203    
  -1.02299796E-02
  -6.05815090E-02
   7.69135132E-02
  -4.78000082E-02
 -0.123499297    
 -0.153420299    
 -0.186642006    
 -0.239891604    
  -6.63957894E-02
 -0.143677995    
  -7.28768902E-03
   8.05008337E-02
   7.15191513E-02
   6.01436989E-03
  -4.30309996E-02
 -0.175991595    
  -6.07350208E-02
   1.25718899E-02
  -5.28664999E-02
 -0.231519103    
   2.73317602E-02
  -5.29735386E-02
 -0.111643001    
 -0.366440296    
  -7.68094808E-02
  -4.17072214E-02
  -6.13604710E-02
  -4.06340212E-02
 -0.102901898    
  -7.31508732E-02
  -4.94984798E-02
 -0.122674599    
 -0.140610695    
  -5.94350100E-02
  -6.25884384E-02
  -3.62301208E-02
   9.37957596E-03
  -9.88522023E-02
 -0.179652303    
  0.119108804    
 -0.104233101    
  -9.70012397E-02
 -0.117304400    
  -3.27216797E-02
   2.09384994E-03
 -0.132423699    
   7.20108906E-03
   1.96202304E-02
  -2.01308597E-02
  -9.59130898E-02
  -5.88282906E-02
   6.37113210E-03
  -6.05585687E-02
  -9.81444567E-02
 -0.249298498    
  -4.70538698E-02
  -3.97830782E-03
 -0.119846202    
  -9.30474326E-02
  -1.18907904E-02
   2.02185903E-02
  -8.38912427E-02
   9.34507027E-02
  0.278622687    
 -0.148994997    
  0.121779397    
 -0.144024000    
  -7.43159205E-02
 -0.148678094    
 -0.340347499    
 -0.204829097    
  -2.40945499E-02
  -6.73103333E-02
  -9.05774608E-02
 -0.114382200    
   7.16686994E-02
  0.161853895    
 -0.184779093    
 -0.262362510    
 -0.187122196    
 -0.103023998    
 -0.120097600    
 -0.216927499    
 -0.216312796    
  -1.22798802E-02
  -4.70050089E-02
  -5.96206300E-02
   2.97049992E-02
 -0.123658702    
 -0.181020394    
 -0.164047793    
 -0.176362306    
  -4.69892994E-02
  -3.53087299E-02
  -7.45132416E-02
   9.37539060E-03
 -0.286762089    
  0.206752896    
  -1.37270300E-03
 -0.191969305    
 -0.160612002    
 -0.125679493    
  -4.64082994E-02
  -2.21500993E-02
 -0.113192499    
 -0.109089300    
 -0.128523901    
  -9.11282524E-02
  -8.82023200E-03
 -0.194412500    
 -0.145447195    
  0.154748693    
   5.13304397E-02
  0.203640297    
  0.201482907    
  0.228851795    
  0.286849499    
  0.248526201    
   3.75467092E-02
   2.83672698E-02
   6.61324477E-03
   1.02053303E-02
  -8.57232288E-02
  -5.77106997E-02
  -6.34650066E-02
 -0.151128903    
  -6.30882829E-02
  -8.28548372E-02
  0.111994699    
  0.349756092    
 -0.122209899    
  -8.90320763E-02
   3.41027007E-02
  -1.00332601E-02
  -5.71463183E-02
  -6.79830015E-02
  -7.46612474E-02
  -7.43987337E-02
  -8.53363797E-03
  -2.11451408E-02
   1.62633695E-02
   4.36346605E-02
  0.135904998    
 -0.201895997    
 -0.196578503    
  -5.54871894E-02
  -3.09834108E-02
  -1.24801300E-03
   3.16048898E-02
  -5.81641197E-02
   8.09372663E-02
  -8.84326100E-02
 -0.102567904    
 -0.134492695    
  -5.24730682E-02
  -9.09124967E-03
  -2.70413104E-02
  -1.63254398E-03
  -8.64914209E-02
  -6.59033284E-02
  -2.03385707E-02
  -9.89798233E-02
  -3.95475291E-02
   4.05577794E-02
   6.43134788E-02
   2.25996096E-02
  -1.32500799E-02
  -5.50866500E-02
 -0.111854397    
 -0.160556301    
 -0.161409602    
  -2.87657306E-02
 -0.100955904    
 -0.120942801    
 -0.101604797    
  -6.47981092E-02
  -8.73933583E-02
  -2.50620209E-02
  -8.06375071E-02
  -4.19487897E-03
   4.58844192E-02
  0.142844707    
 -0.113995798    
   7.46126324E-02
   4.28044004E-03
  -1.60662401E-02
  -9.36053172E-02
 -0.166312799    
 -0.114652596    
  -6.42973091E-03
  -2.08308399E-02
 -0.117334500    
  -8.87824371E-02
  -5.57634011E-02
 -0.471554190    
 -0.203258902    
 -0.110848702    
  -4.64517511E-02
  -7.16897473E-02
  -3.27226706E-02
  -3.43365292E-03
  -6.22002818E-02
  -1.49032502E-02
   8.82337894E-03
   4.04791310E-02
  -1.07924696E-02
   9.09260884E-02
   4.03261296E-02
  -2.67489906E-02
  -6.46587014E-02
  -7.55742788E-02
   6.76689297E-02
  -2.73310505E-02
  -4.38820906E-02
  -5.69134690E-02
  -2.48066392E-02
 -0.169497505    
  -7.71094188E-02
   2.76110191E-02
 -0.109710798    
  -7.10536167E-02
  -2.80990694E-02
   6.82603866E-02
  -7.27597326E-02
  -2.48960499E-02
  -8.73888806E-02
  -4.15707007E-02
  -9.42054763E-03
   2.51096394E-02
 -0.129360199    
 -0.111222699    
  -7.05928579E-02
   2.37841997E-02
  -9.25726667E-02
 -0.145152003    
  -7.54635334E-02
  -6.16872907E-02
 -0.169384807    
 -0.110622898    
 -0.101583198    
 -0.216409296    
  -7.50990435E-02
   2.52267790    
  -1.78884994E-03
 -0.158985898    
  -4.51104082E-02
 -0.194612801    
   7.43491901E-03
  -5.10678105E-02
 -0.126199603    
  -5.38794287E-02
 -0.143157303    
 -0.704307020    
 -0.294685304    
  -6.84593469E-02
 -0.209401593    
 -0.188877106    
  -8.64424035E-02
 -0.245775804    
 -0.197330698    
 -0.103700697    
 -0.151571497    
 -0.132465601    
 -0.113352798    
 -0.153199896    
 -0.158531204    
 -0.121946797    
 -0.201383606    
 -0.119248703    
  -6.15428798E-02
  -1.19454300E-04
 -0.108956598    
 -0.215796798    
 -0.116338797    
  -7.92391673E-02
 -0.216927707    
 -0.287749708    
 -0.361730993    
 -0.309994996    
  -6.62082583E-02
 -0.120430700    
 -0.171323806    
  -1.47158299E-02
   6.50059581E-02
 -0.132882297    
  -6.19518198E-02
  -7.17326626E-02
   2.41428590E-03
  -7.79236928E-02
 -0.102320001    
 -0.146535695    
  -1.38115799E-02
 -0.150748298    
 -0.409006000    
   5.52868992E-02
  0.346985489    
  0.336521506    
  -1.72496196E-02
   3.82275507E-03
 -0.103231102    
 -0.210786998    
 -0.202971295    
  -3.96154784E-02
 -0.101594098    
 -0.300708592    
 -0.102907598    
 -0.111910000    
 -0.149961904    
  -6.80959895E-02
   8.74678046E-03
 -0.115064800    
 -0.332622111    
   4.34515290E-02
  -3.82029191E-02
   6.50144964E-02
   6.35842532E-02
  -6.52177632E-02
  -6.78509474E-02
  -6.90879896E-02
  -3.97771485E-02
  -6.59146979E-02
  0.135867998    
  -9.87277478E-02
   8.14103186E-02
   9.99334604E-02
  -6.18195608E-02
   14.8695498    
  -6.59843683E-02
  -8.73030871E-02
  -6.13076016E-02
   4.99471612E-02
  0.413834393    
  -1.05399303E-02
   7.06278607E-02
   1.71904806E-02
  0.595548987    
  0.479672492    
  0.443702698    
  0.525867105    
  0.325750202    
  -6.07490093E-02
 -0.182421297    
  0.150774300    
   6.39141500E-02
  0.213131994    
  0.237686500    
   9.23327580E-02
  -4.31550406E-02
 -0.120453700    
  0.243539006    
  -5.91156706E-02
  -5.35222106E-02
  -8.42804387E-02
  0.176427096    
  0.186877400    
  0.328138798    
  0.366465986    
  0.250716090    
  0.117339298    
   2.83276401E-02
  -1.99176800E-02
  0.212904796    
  0.371323794    
  0.452545792    
  0.441780090    
  0.304157913    
  0.187807098    
  0.375751108    
  0.118532702    
  -2.38335896E-02
  0.252858311    
  0.185212702    
  0.206727102    
  -7.12011824E-04
   3.16195004E-02
  -6.27891999E-03
   5.33400215E-02
  -5.90903014E-02
   2.63031498E-02
   1.31091904E-02
   1.81597602E-02
  0.171090201    
  -6.15140311E-02
 -0.233694106    
  -7.86987878E-03
  0.244288906    
  0.264302909    
   1.52086103E-02
  -2.41786297E-02
   9.64980274E-02
  -9.34573486E-02
   9.98999977    
  0.176408306    
  0.211460799    
  0.206448600    
  0.241950393    
  0.171813205    
   9.55817029E-02
  -7.23726377E-02
 -0.179283395    
 -0.115397803    
 -0.109254703    
  -3.60173285E-02
  -4.69513312E-02
  0.138857901    
  -1.19538698E-02
   8.50613564E-02
  0.247464299    
  -1.20687997E-02
  0.408172488    
  0.388652712    
  -7.25524575E-02
   1.96407898E-03
  -1.34096397E-02
   7.33922794E-02
  -5.69509901E-03
  -2.18913294E-02
  -7.56508410E-02
  -3.90035100E-02
  -7.56986737E-02
  -1.22844502E-02
   1.60249807E-02
 -0.227629095    
  -9.56111997E-02
   1.73909205E-03
   9.57135484E-02
 -0.193866298    
 -0.108594000    
  0.328408390    
 -0.128261894    
  -1.20374402E-02
  -5.12499698E-02
 -0.150655597    
  -4.38615791E-02
  -5.35079092E-02
 -0.148911893    
   8.63358527E-02
   3.07907797E-02
  -2.69986503E-02
 -0.179214194    
   6.01686314E-02
  0.255937606    
  -1.21695902E-02
  -1.44240204E-02
  -3.87962312E-02
  0.120503500    
  0.166096300    
  0.154258594    
  -5.11099398E-02
 -0.126582205    
   2.49094702E-02
 -0.164028406    
   1.65036507E-02
  0.144912496    
  0.145101607    
   5.33870496E-02
  -3.98379788E-02
  -4.73823883E-02
 -0.194684699    
   4.81923297E-02
   2.05070991E-02
 -0.222213805    
   9.37883630E-02
  -6.92142174E-02
  -1.09829996E-02
  0.218381107    
   1.97893195E-02
  -2.53367592E-02
   6.94234818E-02
  -6.09938316E-02
  -7.56559968E-02
   1.19877197E-02
  0.124320202    
   3.14668901E-02
  -4.36827093E-02
  -3.92216705E-02
 -0.253965497    
  -6.95517510E-02
 -0.177187100    
  0.233974606    
  0.811988413    
  0.435591787    
  -9.99889821E-02
  -4.22949195E-02
 -0.167498499    
  -4.18233685E-02
  -5.46852611E-02
 -0.165404096    
   2.16683093E-03
   6.94688186E-02
 -0.196584105    
  -2.35422198E-02
  -3.59263793E-02
  -3.12404498E-03
   1.31543903E-02
  -2.31009908E-02
   5.57677895E-02
   9.24676284E-02
 -0.132666901    
   3.81381102E-02
   3.18585113E-02
   6.84224963E-02
   6.55456632E-02
  -3.90645303E-03
   1.98422391E-02
   6.62206486E-03
   7.94682801E-02
   6.00114316E-02
  -6.46567121E-02
  -3.22008282E-02
   9.91489645E-03
   2.95029394E-02
  -8.79153684E-02
   1.33908195E-02
  0.134966001    
  -3.84531692E-02
  0.100011602    
  -1.29435202E-02
   2.79780403E-02
 -0.202880993    
   1.70531403E-02
  -4.53546690E-03
 -0.247960195    
  -8.58217925E-02
  -2.65850108E-02
  -5.01182489E-02
  -3.19216102E-02
  -1.82764102E-02
 -0.148269698    
 -0.174797997    
 -0.161445707    
 -0.147260100    
   1.36457598E-02
  -6.40625134E-02
  0.166360795    
  -6.60998896E-02
 -0.106331699    
 -0.135659605    
  -3.62403803E-02
  -4.56634387E-02
 -0.158102497    
 -0.219918698    
 -0.136094600    
  -7.25120902E-02
 -0.101236597    
 -0.102221198    
  -1.23994704E-03
  -1.36504499E-02
  -8.79946724E-02
   4.23351594E-04
  -3.47913206E-02
  -3.74739803E-02
   9.44098011E-02
  0.117280401    
  0.106875099    
   6.98847398E-02
   9.90925133E-02
   6.22665584E-02
  -2.55690105E-02
   1.11310296E-02
  -4.39603813E-02
  -4.28291187E-02
  -9.58637372E-02
 -0.118161902    
  0.175628796    
   3.99149908E-03
  -2.96096597E-02
   1.23367896E-02
   2.06254106E-02
  -1.02315499E-02
   4.17799689E-02
  -9.84371640E-04
  -7.50198066E-02
 -0.113821797    
 -0.142568201    
   5.38075194E-02
   3.10720298E-02
   9.81841013E-02
  -2.35073008E-02
  -7.75559172E-02
  -7.83365220E-02
   1.24839200E-02
   5.22449389E-02
   6.17999285E-02
   2.99347304E-02
  -3.68835703E-02
  -2.37900708E-02
 -0.119530797    
 -0.105540499    
  -1.43975802E-02
  -5.70803396E-02
 -0.148633704    
  -5.98242283E-02
  -6.32169470E-02
  -1.69311408E-02
 -0.184645399    
 -0.256355196    
 -0.322394997    
 -0.360246897    
 -0.388627201    
  -8.60635657E-03
  0.194969803    
   9.75643694E-02
  -7.23060369E-02
   4.19353209E-02
  -9.34725031E-02
 -0.120211303    
   2.19393000E-02
 -0.113558300    
  -2.39153393E-02
  -6.91129416E-02
  -7.35341385E-02
  -2.36938000E-02
  0.148069799    
   5.42211384E-02
  -9.17296100E-04
 -0.122750498    
 -0.217419997    
   3.50603811E-03
   2.08185799E-02
   2.43936200E-02
  -9.54800174E-02
   4.28862907E-02
  0.273916006    
  0.133178905    
  0.458859712    
  -6.86464598E-03
 -0.185608193    
  -4.70724106E-02
  -8.87537301E-02
  -3.44911106E-02
   6.80978075E-02
   6.57559335E-02
  -2.88353097E-02
 -0.173058003    
 -0.111167997    
 -0.154471993    
   9.34423786E-03
   6.31280318E-02
   5.14860414E-02
  -2.49169506E-02
 -0.125964805    
  -4.75775301E-02
  0.100554600    
  -9.83826369E-02
  -2.49395091E-02
  -2.03634091E-02
   1.61380693E-02
  -1.33448595E-03
  0.232411101    
   7.15422491E-03
  -5.99489808E-02
  -7.86233395E-02
  -6.54698834E-02
  -7.20039383E-02
   3.35026905E-02
  -4.76694405E-02
   3.43485698E-02
   3.53162885E-02
 -0.105700903    
  0.138985902    
  -2.37473603E-02
   6.32992163E-02
  0.259252697    
 -0.136400700    
 -0.301791489    
 -0.229873404    
  -9.69387889E-02
   9.41597484E-03
 -0.157072499    
  -7.28413984E-02
   3.59505005E-02
  -4.36328091E-02
   9.53282490E-02
 -0.158874601    
 -0.251862288    
 -0.250411898    
  -9.92241874E-02
  -2.78584491E-02
  0.126739904    
  -6.92035034E-02
  -3.41164507E-02
  -4.18456309E-02
  -9.81782898E-02
 -0.108293600    
   9.20163468E-02
  -2.60294192E-02
   1.34949600E-02
   3.63249108E-02
  -9.12965015E-02
   7.84737915E-02
  0.107541099    
   7.89697766E-02
   3.18117701E-02
  -3.81969102E-02
 -0.121108003    
  -3.42073515E-02
  -5.99703006E-02
  -3.10580097E-02
   8.19664896E-02
 -0.117168300    
   9.71303210E-02
  0.102419898    
 -0.190214694    
  -2.01738197E-02
  -2.20392998E-02
  -6.96914271E-02
  -3.25985402E-02
  0.121858701    
  -8.95598829E-02
  -9.81338024E-02
  -3.32904682E-02
  -2.71370895E-02
 -0.171012998    
  -5.73645197E-02
  -8.75685811E-02
   4.46686409E-02
   6.24931306E-02
 -0.181510597    
   4.01452789E-03
 -0.193675295    
 -0.183694795    
 -0.262495399    
 -0.139186695    
  0.113603100    
 -0.170860797    
  -7.98430592E-02
   1.83786694E-02
   5.11167711E-03
  -9.32880864E-02
  -2.41351705E-02
  -5.87990209E-02
  -7.89230391E-02
  0.103770003    
  -4.74832095E-02
   5.84331490E-02
  -3.28464992E-02
  0.194404796    
   1.42113203E-02
  -4.28567305E-02
 -0.190823004    
  -9.12933797E-02
  -5.56251109E-02
  -5.16728796E-02
   6.35392368E-02
  -5.90105094E-02
 -0.151565194    
 -0.182986200    
 -0.198107496    
 -0.248328596    
 -0.330324709    
  -1.93700194E-02
   7.89258629E-03
   6.39164001E-02
 -0.135238007    
  -4.58311290E-02
  -5.50523400E-03
  -7.35761598E-02
  -9.40052196E-02
  -1.59769002E-02
  -5.71195595E-02
 -0.101335198    
 -0.181918904    
  -2.90020406E-02
 -0.133557007    
  -8.73119235E-02
   3.30147594E-02
   7.54585117E-02
   9.24312789E-03
  -7.91590363E-02
   1.00872898E-02
  -1.24508003E-02
  -8.02750513E-02
  -4.01192494E-02
  -5.59310988E-02
   3.22985500E-02
  -4.40813303E-02
   4.09439998E-03
 -0.208146304    
  -9.80917364E-02
 -0.106612504    
  -5.85466288E-02
  -3.73940393E-02
   2.91780606E-02
 -0.103783898    
 -0.146100894    
  -7.16920868E-02
  -6.81214780E-02
  -2.81724595E-02
   1.54983299E-02
  0.166534007    
  -7.03529269E-02
  -8.12280774E-02
  -7.95739293E-02
  -2.05331501E-02
  -5.16835302E-02
   6.35142997E-02
  0.197655305    
  0.263897091    
   3.25615518E-02
   3.67186219E-02
 -0.104879297    
 -0.161463007    
  -2.25252192E-02
  -6.07706495E-02
 -0.174036905    
 -0.204866305    
   2.74876691E-02
   1.46818804E-02
   2.95752808E-02
  -3.15676294E-02
  -3.32568609E-03
  -6.04296811E-02
  -9.04484466E-02
   1.48499198E-02
  -6.39608875E-02
   2.56695296E-03
  0.133337602    
  0.335421592    
  0.444119394    
 -0.122459203    
   6.21196106E-02
  -2.37696301E-02
  -5.18249311E-02
 -0.252177894    
 -0.117215604    
 -0.270193011    
  -1.27330599E-02
  0.190140098    
   2.27714404E-02
 -0.224819303    
 -0.159633398    
 -0.161456600    
 -0.142597094    
   3.64631996E-03
 -0.113772802    
 -0.182992294    
 -0.105469100    
 -0.192125306    
  -9.11202580E-02
   6.84242770E-02
  -2.34949905E-02
   7.11132213E-02
  -3.30431499E-02
 -0.213379502    
 -0.184222803    
 -0.134936199    
   9.23548564E-02
  0.123488501    
  0.156786203    
  -3.40243392E-02
 -0.122281902    
  -1.41181303E-02
 -0.205967799    
 -0.124042898    
  -7.05434233E-02
   2.55491696E-02
  -8.27735942E-03
  0.133749098    
  -1.90636106E-02
  -4.91221510E-02
  -2.17218492E-02
 -0.147217497    
 -0.252205014    
 -0.103507198    
  -8.05780943E-03
  -5.13639487E-02
  -9.97145325E-02
  -8.57910067E-02
  0.124070399    
   2.82020699E-02
  -3.15637700E-02
   8.34249631E-02
  -6.79951087E-02
   2.42883991E-02
  -1.25269396E-02
  -3.92529294E-02
  -1.76618597E-03
  -7.38758892E-02
 -0.259438515    
 -0.233490095    
  -9.35946330E-02
   2.63485592E-02
  -2.76827198E-02
 -0.218609497    
 -0.124043003    
  -8.33301470E-02
  -6.03238381E-02
 -0.134443507    
 -0.144146204    
 -0.170031503    
 -0.291100800    
  -9.17804837E-02
 -0.205611199    
  -6.90618902E-02
   4.11731489E-02
  0.126232907    
  -8.96273740E-03
 -0.137566298    
  -8.28874633E-02
  -7.03781173E-02
  0.114186399    
  -6.09871410E-02
  -4.96319607E-02
  -6.58844318E-03
  -2.73581203E-02
  -5.31795202E-03
 -0.147021100    
  -4.39837985E-02
   8.75629485E-02
   4.76349611E-03
  -1.38177304E-02
  -4.32859808E-02
   4.91443602E-03
   6.00933805E-02
  -1.89649500E-02
  -1.47226797E-02
  -1.47028696E-02
  -6.67560026E-02
   8.84424895E-03
  -3.17936912E-02
 -0.139555305    
  -1.41206896E-03
  -9.45126563E-02
   6.47978410E-02
  0.128209502    
  0.133611500    
  0.142294705    
  0.132890597    
   5.32953404E-02
  -2.79576704E-02
  -4.04288210E-02
