   1.97029603    
   1.97372401    
   2.04627204    
   1.92912900    
   1.95285106    
   1.97888196    
   2.00240111    
   1.95887601    
   1.99910796    
   1.90960205    
   1.94852996    
   1.93727899    
   2.01090097    
   1.99245095    
   1.92680395    
   1.94632995    
   1.93201602    
   1.86957395    
   1.91567397    
   1.97479796    
   1.96690500    
   2.00329304    
   1.94151700    
   1.97027099    
   1.93670595    
   1.94425094    
   1.87027299    
   1.94125199    
   2.00717807    
   1.91570103    
   1.93596697    
   2.12280989    
   2.10037994    
   2.07714105    
   2.07475591    
   2.06910205    
   2.22366095    
   2.18510604    
   2.23143697    
   2.15844393    
   2.19047308    
   2.20903611    
   1.98965204    
   1.99585605    
   2.00289392    
   1.87605500    
   1.99875903    
   1.94107294    
   2.16011906    
   2.15248203    
   2.16829801    
   2.25992990    
   2.21687293    
   2.24711800    
   2.23700309    
   2.27951002    
   2.26256704    
   2.23387909    
   2.22574711    
   2.24077010    
   2.21212792    
   2.20577598    
   2.18785405    
   2.19306898    
   2.31694889    
   2.27037597    
   2.24014211    
   2.16812706    
   2.23308611    
   2.22906089    
   2.19973111    
   2.29997897    
   1.95918000    
   2.03639102    
   2.01170611    
   2.14666796    
   2.20752001    
   2.10169601    
   2.36804008    
   2.20606399    
   2.21965098    
   2.19898891    
   2.17891788    
   2.19442797    
   2.07805705    
   1.96493900    
   2.20457292    
   2.14082003    
   2.30400491    
   2.21408701    
   2.18238211    
   2.16833091    
   2.18657804    
   2.19666600    
   2.02337003    
   2.06231403    
   1.96954405    
   2.10925388    
   2.03012109    
   2.03450799    
   2.01966810    
   2.07882309    
   2.15872502    
   2.18274999    
   2.19148898    
   2.18037701    
   2.14426589    
   2.12677598    
   2.12399793    
   2.06575990    
   2.12169790    
   2.11412501    
   1.98757398    
   2.03273106    
   2.05668998    
   2.05943799    
   2.06868410    
   2.03068590    
   2.03554392    
   2.02390790    
   2.01113200    
   1.96114194    
   1.95818400    
   1.95591295    
   2.02274299    
   2.00824499    
   2.18798709    
   2.15799809    
   2.09630489    
   2.11041307    
   2.11370301    
   2.02029109    
   1.88683403    
   1.80406296    
   1.80762899    
   1.80689800    
   2.13321495    
   2.14272404    
   2.17284203    
   2.14870501    
   2.12965798    
   2.04843807    
   2.10253811    
   2.06653190    
   2.09691501    
   2.07940793    
   2.09041309    
   2.08458090    
   2.06539989    
   2.11163211    
   2.18262601    
   2.16937590    
   2.15598702    
   2.15222096    
   2.08693910    
   2.06144190    
   2.01066804    
   2.02123404    
   2.03917909    
   2.14514399    
   2.14919710    
   2.09842896    
   2.09936905    
   2.16287494    
   2.09899211    
   2.12933207    
   2.13790488    
   2.02592897    
   2.00044799    
   1.98939300    
   2.06282902    
   2.06914306    
   2.17315006    
   2.31022096    
   2.08031392    
   2.14268589    
   2.09117007    
   1.98455298    
   2.08629894    
   2.18243003    
   1.98872995    
   2.03970695    
   2.15442204    
   1.97701705    
   1.96030700    
   1.96209598    
   1.98084700    
   2.00321889    
   1.98288405    
   1.94165695    
   1.97101903    
   1.99151802    
   1.95493901    
   1.98406696    
   1.83297801    
   1.92085397    
   1.92675495    
   1.95119500    
   2.02387810    
   1.90504706    
   1.96108103    
   1.94286895    
   1.94460106    
   1.96643603    
   1.96384394    
   1.96757305    
   2.12361407    
   2.06363893    
   2.03701997    
   2.00366402    
   1.97469497    
   1.98487496    
   2.00255203    
   1.98744595    
   2.18571901    
   2.05232501    
   2.05357289    
   2.10677791    
   2.17923188    
   2.17008805    
   2.10146999    
   2.06449389    
   2.11189294    
   1.60845995    
   1.98709798    
   2.03602695    
   2.04790807    
   2.04270101    
   2.14289808    
   2.15141392    
   2.08191395    
   2.11531401    
   2.02696300    
   2.10341001    
   1.98534000    
   1.99449396    
   2.28151798    
   2.15935206    
   2.12645698    
   2.07148099    
   2.10922289    
   2.11962199    
   2.11146998    
   2.11407495    
   1.90315199    
   2.05755210    
   2.05214310    
   2.07953691    
   2.14426899    
   2.13042593    
   2.15393996    
   2.15639997    
   2.08533692    
   2.09327102    
   2.08411002    
   2.14706993    
   2.12146306    
   2.12482405    
   2.16813207    
   2.15095305    
   1.99568498    
   2.07447100    
   2.17046499    
   2.18609691    
   2.19694209    
   2.13327599    
   2.09665799    
   2.11324191    
   2.12795711    
   2.15063596    
   2.14996195    
   2.16950297    
   2.13700199    
   2.16729498    
   2.17595291    
   2.00953293    
   2.00995898    
   2.08392406    
   2.17261696    
   2.16269207    
   2.16400790    
   2.13940310    
   2.15663004    
   2.18162894    
   2.13213396    
   2.19254088    
   2.31815600    
   2.16945696    
   2.18198705    
   2.24567699    
   2.13654709    
   2.22016692    
   2.13487601    
   2.18515611    
   2.08601594    
   2.10235190    
   2.04992104    
   2.04518008    
   2.05434990    
   1.98612595    
   1.94187701    
   2.10744500    
   2.14507103    
   2.13262606    
   2.18639588    
   2.14530301    
   2.05829906    
   2.09491301    
   2.11724210    
   2.05957389    
   2.01576209    
   2.05046010    
   2.15263200    
   2.13236594    
   2.02867389    
   2.12256908    
   2.13334608    
   2.00346088    
   2.07286596    
   2.09388900    
   2.02760410    
   2.04417300    
   2.10119295    
   2.13865089    
   2.13006306    
   2.14561796    
   2.19018698    
   2.16992593    
   1.81165397    
   2.04509711    
   2.14232802    
   2.07951593    
   1.83635998    
   2.16542101    
   2.15632796    
   2.12419295    
   2.16106796    
   2.20196199    
   2.16705489    
   2.14101100    
   2.18057895    
   2.20176196    
   2.17368698    
   2.21580791    
   2.14775705    
   2.11604905    
   2.12857008    
   2.13205290    
   2.26484203    
   2.14909101    
   2.14702201    
   2.14502406    
   2.08401299    
   2.10497808    
   2.04192400    
   2.00531697    
   2.01771808    
   2.17693901    
   2.16672897    
   2.13525701    
   2.14805102    
   2.14564109    
   2.12621903    
   2.10466409    
   2.13641500    
   2.17024302    
   2.19601393    
   2.12046695    
   2.14342499    
   2.13471007    
   2.17434692    
   2.13977695    
   2.13627791    
   2.11062288    
   2.04815292    
   2.14392710    
   2.14005089    
   2.16387606    
   2.15567708    
   2.11261201    
   2.14781499    
   2.10672903    
   2.17509604    
   2.20740891    
   2.13340306    
   2.15293598    
   2.15485501    
   2.15495610    
   2.17248392    
   2.23542094    
   2.31889892    
   2.21351504    
   2.30841994    
   2.23133492    
   2.19619703    
   2.18192291    
   2.19294310    
   2.16635609    
   2.16522503    
   2.17291307    
   2.15310097    
   2.18091989    
   2.19301105    
   2.21081209    
   2.22735596    
   2.22222710    
   2.19404602    
   2.18109798    
   2.16043210    
   2.03229403    
   2.18447995    
   2.05228996    
   2.12320209    
   2.18684602    
   2.24337697    
   2.13994408    
   2.17947102    
   2.12179804    
   2.16015792    
   2.10156298    
   2.13563299    
   2.15059996    
   2.12302804    
   2.16593909    
   2.13882899    
   2.20515800    
   2.19596100    
   2.15365696    
   2.07210994    
   2.12816405    
   2.12126803    
   2.15087795    
   2.19365001    
   2.14966202    
   2.18032002    
   2.14775705    
   2.15250206    
   2.21143889    
   2.16450310    
   2.15783501    
   2.18551397    
   2.19510508    
   2.11796308    
   2.12260509    
   2.16992092    
   2.20848799    
   2.18870497    
   2.17113495    
   2.23202300    
   2.20082498    
   2.27171898    
   2.23659205    
   2.16286993    
   2.13858199    
   2.02318406    
   2.14099002    
   2.15645790    
   2.13994789    
   2.13513207    
   2.19717002    
   2.16092491    
   2.14881492    
   2.16820192    
   2.11171889    
   2.12652707    
   2.12255692    
   2.09508610    
   2.11935091    
   2.13232088    
   2.12413502    
   2.06149912    
   2.16355705    
   2.14091206    
   2.16028309    
   2.25323105    
   2.17223001    
   2.21510506    
   2.16543198    
   2.20801091    
   2.19510388    
   2.11294389    
   2.09134507    
   2.11653399    
   2.12665105    
   2.15482211    
   2.14540005    
   2.16896510    
   2.15275192    
   2.12659597    
   2.08651996    
   2.09481597    
   2.12020302    
   2.11710811    
   2.12585211    
   2.14503694    
   2.11698389    
   2.14456606    
   2.12398291    
   2.09129310    
   2.13564897    
   2.09484506    
   2.05720711    
   2.08715010    
   2.10976410    
   2.09911203    
   2.13689208    
   2.16125798    
   2.16745090    
   2.09618402    
   2.13417292    
   2.16166401    
   2.11378288    
   2.10715389    
   2.14915800    
   2.11347699    
   2.07011390    
   2.11732888    
   2.10553908    
   2.12892890    
   2.11212492    
   2.12296391    
   2.15789604    
   2.14782810    
   2.14139295    
   2.07409096    
   2.11793089    
   2.22205496    
   2.09259510    
   2.10381293    
   2.11278605    
   2.07925391    
   2.09395003    
   2.12259793    
   2.10457397    
   2.12487888    
   2.15981603    
   2.06618690    
   2.17991495    
   2.23432708    
   2.13366294    
   2.12050891    
   2.03677201    
   2.08981109    
   2.11618400    
   2.10995007    
   2.11388397    
   2.17654204    
   2.10427594    
   2.13238096    
   2.08376288    
   2.16526198    
   2.17229295    
   2.21504903    
   2.15859509    
   2.07659602    
   2.08269596    
   2.06529999    
   2.07735205    
   2.11926103    
   2.16046810    
   2.17311096    
   3.49051809    
   1.83324099    
   1.82818401    
   2.98335099    
   2.20830107    
   2.19747901    
   2.18605494    
   2.16693902    
   2.16244602    
   2.16023397    
   2.20067596    
   2.16499090    
   2.17170906    
   2.19862008    
   2.15087700    
   2.16353011    
   2.18071198    
   2.25888896    
   2.35853100    
   2.25422907    
   2.36621308    
   2.23237300    
   2.13994288    
   2.15674305    
   2.25749898    
   2.27479100    
   2.23773694    
   2.22358894    
   2.20334911    
   2.16364288    
   2.17224598    
   2.13428593    
   2.28459907    
   2.23571610    
   2.13758993    
   2.18695211    
   2.20712805    
   2.18833399    
   2.19822788    
   2.09558392    
   2.06995010    
   2.10207295    
   2.13325906    
   2.15601802    
   2.13010192    
   2.17310596    
   2.17383194    
   2.17580795    
   2.16746902    
   2.18402505    
   1.86777401    
   2.11989498    
   2.13363099    
   2.15631199    
   2.15243101    
   2.17264199    
   2.19015002    
   2.18971491    
   2.21592402    
   2.14144993    
   2.14008093    
   2.11793900    
   2.13230300    
   2.12560511    
   2.13273501    
   2.09124494    
   2.14123011    
   2.17175198    
   2.17972207    
   2.07819009    
   2.12387991    
   2.17619610    
   2.13561606    
   2.18906498    
   2.11236691    
   2.09698200    
   2.13164210    
   2.19465399    
   2.22974205    
   2.14692307    
   2.12932396    
   2.19256711    
   2.17768407    
   2.17433500    
   2.17748594    
   2.20059395    
   2.17351890    
   2.19882107    
   2.21951008    
   2.19500208    
   2.18247104    
   2.18434191    
   2.20415401    
   2.30299091    
   2.21075606    
   2.33884311    
   2.09521198    
   2.11497307    
   2.06724691    
   2.12925196    
   2.17635798    
   2.25504708    
   2.16275597    
   2.24739408    
   2.16370201    
   2.17907906    
   2.24327207    
   2.21348596    
   2.20617199    
   2.09617209    
   2.08136892    
   2.15793991    
   2.16763997    
   2.22295809    
   2.18618703    
   2.29612708    
   2.24731207    
   2.12338305    
   2.13492107    
   2.10398293    
   2.13619900    
   2.09890604    
   2.18881798    
   2.16465902    
   2.16104388    
   2.17666507    
   2.20719600    
   2.15013599    
   2.16842198    
   2.14594007    
   2.23997498    
   2.16598892    
   2.23348308    
   2.14747500    
   2.12650990    
   2.19864893    
   2.19262695    
   2.12429810    
   2.14974308    
   2.14123607    
   2.15594602    
   2.16060090    
   2.19803190    
   2.22977901    
   2.15743995    
   2.11705709    
   2.11406302    
   2.21807694    
   2.19189906    
   2.09775209    
   2.10476708    
   2.13635898    
   2.14002609    
   2.12445593    
   2.12088704    
   2.11259007    
   2.11747909    
   2.11107707    
   2.13838601    
   2.12693310    
   2.16257596    
   2.14975810    
   2.09748912    
   2.16858101    
   2.15654898    
   2.21198201    
   2.15077209    
   2.13519001    
   2.12460899    
   2.09883904    
   2.14581895    
   2.19593501    
   2.12400889    
   2.17608690    
   2.12134099    
   2.13876510    
   2.16657495    
   2.19607401    
   2.20095205    
   2.10021091    
   2.03583288    
   2.10768700    
   2.11151409    
   2.12706590    
   2.12019706    
   2.17639589    
   2.07587004    
   2.11408401    
   2.10397291    
   2.10496497    
   2.11936498    
   2.11125898    
   2.19745898    
   2.14509702    
   2.09548092    
   2.13527489    
   2.08618808    
   2.12328601    
   2.15134096    
   2.04846096    
   2.14194489    
   2.07905889    
   2.06481504    
   2.10603499    
   2.13484192    
   2.11810493    
   2.19329596    
   2.22085094    
   2.23658609    
   2.14657402    
   2.17141891    
   2.16650796    
   2.06871295    
   2.32407594    
   2.17934299    
   2.34598088    
   2.22879791    
   2.16471004    
   2.21723008    
   2.25304604    
   0.00000000    
