  0.710004210    
  0.703651488    
  0.681199014    
  0.699711382    
  0.686533511    
  0.718295574    
  0.747465491    
  0.718178093    
  0.685491085    
  0.713431716    
  0.700876474    
  0.689159572    
  0.714849710    
  0.664608002    
  0.672274828    
  0.688893974    
  0.713695824    
  0.704582810    
  0.957423687    
  0.739111304    
  0.692017376    
  0.664819777    
  0.715730190    
  0.692154288    
  0.681961477    
  0.714907408    
  0.708807826    
  0.703594387    
  0.719904780    
  0.708344877    
  0.684310198    
  0.788131416    
  0.730437815    
  0.727743030    
  0.726899326    
  0.707451522    
  0.761908174    
  0.725418806    
  0.692685604    
  0.718189776    
  0.717601776    
  0.732376873    
  0.788610816    
  0.705590606    
  0.729162276    
  0.682567477    
  0.742678404    
  0.717239976    
  0.761310697    
  0.765531123    
  0.705322981    
  0.776027918    
  0.804330230    
  0.794757903    
  0.801219285    
  0.743598580    
  0.799814522    
  0.831496179    
  0.817813873    
  0.765159070    
  0.721965611    
  0.702927113    
  0.716552615    
  0.785619617    
  0.796531677    
  0.790309072    
  0.764525414    
  0.778677881    
  0.784464180    
  0.774627984    
  0.741934478    
  0.780631423    
  0.800839126    
  0.731459618    
  0.715805829    
  0.679849088    
  0.703032494    
  0.641515017    
  0.723521709    
  0.668669879    
  0.688269675    
  0.721260905    
  0.708417177    
  0.700874925    
  0.669410825    
  0.683185518    
  0.790515721    
  0.753294289    
  0.689454973    
  0.705941379    
  0.686894476    
  0.710808992    
  0.763887286    
  0.784676075    
  0.758116186    
  0.694729984    
  0.737794697    
  0.747854829    
  0.830402017    
  0.889917612    
  0.772028327    
  0.731092811    
  0.743026376    
  0.796928883    
  0.729704082    
  0.723519325    
  0.745444417    
  0.692703009    
  0.793867111    
  0.788077176    
  0.776094198    
  0.726066172    
  0.734716773    
  0.746751130    
  0.740205288    
  0.708403289    
  0.702076375    
  0.677313328    
  0.715838373    
  0.761648476    
  0.740064502    
  0.772080481    
  0.727867484    
  0.702517271    
  0.714604974    
  0.705058515    
  0.832053185    
  0.768741429    
  0.731335521    
  0.687385678    
  0.817642808    
  0.756192923    
  0.738815725    
  0.734255075    
  0.707628906    
  0.687655210    
  0.759707510    
  0.726477623    
  0.725811303    
  0.858641803    
  0.800773203    
  0.729142606    
  0.715104878    
  0.739859223    
  0.748445690    
  0.705640614    
  0.836025774    
  0.717868686    
  0.711445808    
  0.886878073    
  0.776134610    
  0.777382612    
  0.765877187    
  0.770356715    
  0.750852525    
  0.729988515    
  0.700740814    
  0.686080873    
  0.776939571    
  0.744483411    
  0.702358723    
  0.756822884    
  0.822779179    
  0.755590618    
  0.747295618    
  0.750240922    
  0.719758928    
  0.752060890    
  0.802009583    
  0.823205590    
  0.764411986    
  0.732787371    
  0.755720496    
  0.834129274    
  0.807930529    
  0.754102111    
  0.738636911    
  0.768222570    
  0.802914381    
  0.878389180    
  0.778371096    
  0.838406682    
  0.783824027    
  0.892899811    
  0.856624722    
  0.794347286    
  0.776235223    
  0.797705472    
  0.766470373    
  0.813270390    
  0.782457113    
  0.755114675    
  0.814971507    
  0.781908810    
  0.953728974    
  0.816947103    
  0.754348814    
  0.796227098    
  0.814565420    
  0.738927186    
  0.770470917    
  0.738495409    
  0.803134501    
  0.733402193    
  0.789676428    
  0.831004322    
  0.802812099    
  0.768174410    
  0.781585217    
  0.848019183    
  0.841546416    
  0.826963425    
  0.810225010    
  0.796927392    
  0.801914990    
  0.860959828    
  0.851206124    
  0.857397497    
  0.790262282    
  0.791700900    
  0.785577178    
  0.831977487    
  0.831283510    
  0.871412873    
  0.792728126    
  0.756627381    
  0.761730671    
  0.739107788    
  0.780557871    
  0.768291771    
  0.761069775    
  0.770448506    
  0.813040614    
  0.784643412    
  0.770594895    
  0.750179827    
  0.763352513    
  0.744624794    
  0.777311385    
  0.782825112    
  0.806255698    
  0.815371275    
  0.761366129    
  0.738986373    
  0.792183876    
  0.833358824    
  0.853719592    
  0.814875424    
  0.784973621    
  0.742650092    
  0.751651227    
  0.708915114    
  0.829115927    
  0.798133194    
  0.814554274    
  0.764064312    
  0.773671091    
  0.767355084    
  0.748482287    
  0.743663192    
  0.737979174    
  0.779547393    
  0.777513683    
  0.781643987    
  0.764269114    
  0.755222917    
  0.737031877    
  0.858597517    
  0.807364523    
  0.777485013    
  0.777688503    
  0.759682775    
  0.729449511    
  0.736730397    
  0.731532574    
  0.817345977    
  0.813079774    
  0.762014329    
  0.730602324    
  0.699036300    
  0.693945587    
  0.860210180    
  0.801366687    
  0.723377526    
  0.779867470    
  0.797899127    
  0.817980886    
  0.771046400    
  0.769724488    
  0.779847085    
  0.751879990    
  0.734267771    
  0.737884879    
  0.727861881    
  0.811980486    
  0.797203422    
  0.801215112    
  0.798885226    
  0.824653089    
  0.831538498    
  0.799552381    
  0.831824481    
  0.818907380    
  0.801533103    
  0.801989794    
  0.802810073    
  0.784679413    
  0.823208690    
  0.816775680    
  0.803224623    
  0.793792784    
  0.782628715    
  0.763844013    
  0.750069797    
  0.745723307    
  0.739059925    
  0.744699121    
  0.861197174    
  0.794086218    
  0.743266284    
  0.749707878    
  0.895489872    
  0.794073820    
  0.730959892    
  0.709657192    
  0.727217615    
  0.707619429    
  0.729422510    
  0.836072981    
  0.802274585    
  0.767464280    
  0.776633918    
  0.903347313    
  0.816418111    
  0.768772185    
  0.819811523    
  0.787693083    
  0.777259409    
  0.794914901    
  0.769519687    
  0.843280494    
  0.766674519    
  0.772869587    
  0.723370671    
  0.760231972    
  0.783154607    
  0.755415618    
  0.769147813    
  0.723321021    
  0.757812977    
  0.742635429    
  0.747433186    
  0.795005023    
  0.795324624    
  0.794661224    
  0.786756873    
  0.770817816    
  0.771769583    
  0.754564524    
  0.784545779    
  0.785724580    
  0.726526976    
  0.772508323    
  0.757719219    
  0.817093313    
  0.756310582    
  0.749864221    
  0.842988729    
  0.786705315    
  0.781559587    
  0.742445111    
  0.791860998    
  0.789905310    
  0.795184374    
  0.905852973    
  0.767627180    
  0.799369097    
  0.777406275    
  0.804486096    
  0.811743677    
  0.796520293    
  0.799185216    
  0.781379521    
  0.757134080    
  0.799546182    
  0.749549687    
  0.812700093    
  0.786842585    
  0.771819711    
  0.791129589    
  0.814513326    
  0.736726522    
  0.720149875    
  0.716772199    
  0.719995618    
  0.701352477    
  0.709587693    
  0.782377422    
  0.763056517    
  0.747151017    
  0.740922689    
  0.756598115    
  0.733614624    
  0.653544724    
  0.673530877    
  0.663010418    
  0.702424884    
  0.690485597    
  0.701381087    
  0.683059573    
  0.708896577    
  0.677103579    
  0.656466424    
  0.705080092    
  0.729390383    
  0.743780375    
  0.715264618    
  0.716983974    
  0.724011600    
  0.736026883    
  0.732055783    
  0.690766871    
  0.674011290    
  0.692588687    
  0.789919913    
  0.765960097    
  0.736747086    
  0.734172285    
  0.775535524    
  0.731660128    
  0.725929081    
  0.735867918    
  0.691241205    
  0.728876412    
  0.751554310    
  0.801297903    
  0.796344221    
  0.732777297    
  0.770288825    
  0.752342582    
  0.739390373    
  0.770533323    
  0.809934318    
  0.766873717    
  0.683810472    
  0.789478719    
  0.770808578    
  0.759171426    
  0.777261913    
  0.757771373    
  0.804003716    
  0.752366185    
  0.774980128    
  0.748946905    
  0.733514726    
  0.719048023    
  0.748907804    
  0.735829592    
  0.712043583    
  0.739938021    
  0.722368717    
  0.720860183    
  0.736518621    
  0.766032994    
  0.748535395    
  0.735576630    
  0.722272515    
  0.754579723    
  0.727840006    
  0.738286614    
  0.806935012    
  0.763675213    
  0.829878688    
  0.799055517    
  0.779847920    
  0.760560930    
  0.779746711    
  0.746994615    
  0.747801006    
  0.765619576    
  0.789335728    
  0.752641797    
  0.771770477    
  0.733429313    
  0.748812497    
  0.757825375    
  0.735955775    
  0.744297206    
  0.758174896    
  0.785453320    
  0.771929979    
  0.769222081    
  0.772858620    
  0.774463892    
  0.775896728    
  0.761665523    
  0.759918392    
  0.774514675    
  0.755537510    
  0.780311525    
  0.806092620    
  0.801752329    
  0.712090313    
  0.727185428    
  0.769461811    
  0.759401202    
  0.764143527    
  0.754762828    
  0.830583990    
  0.772177994    
  0.770978689    
  0.786959171    
  0.818651974    
  0.811754227    
  0.827938616    
  0.759879172    
  0.743172526    
  0.692953825    
  0.704915404    
  0.733367383    
  0.768594384    
  0.743063390    
  0.786676884    
  0.765933871    
  0.782891989    
  0.741526723    
  0.798443913    
  0.809407771    
  0.773973286    
  0.765298784    
  0.780945122    
  0.744338810    
  0.750968575    
  0.768469214    
  0.782485604    
  0.786163688    
  0.770618320    
  0.703476071    
  0.687089503    
  0.697077870    
  0.688546717    
  0.777068913    
  0.758377016    
  0.734544516    
  0.739678025    
  0.721924603    
  0.731401801    
  0.726457596    
  0.738129973    
  0.728519976    
  0.718401015    
  0.726134717    
  0.738402605    
  0.736892879    
  0.744313717    
  0.707829416    
  0.731486022    
  0.710075915    
  0.767867088    
  0.719274521    
  0.747967303    
  0.834922791    
  0.767080188    
  0.652438998    
  0.813150227    
  0.707154095    
  0.691544771    
  0.673464000    
  0.695388377    
  0.690837622    
  0.701016426    
  0.697811782    
  0.774066985    
  0.731437087    
  0.751050889    
  0.718317211    
  0.729499400    
  0.728722870    
  0.725999713    
  0.733363390    
  0.742501020    
  0.696974993    
  0.682474077    
  0.705855787    
  0.695670009    
  0.678526998    
  0.706372201    
  0.712820828    
  0.728486776    
  0.723429918    
  0.743261278    
  0.732555330    
  0.753334522    
  0.747327030    
  0.775317192    
  0.748517811    
  0.743266225    
  0.695051014    
  0.712203026    
  0.716963828    
  0.732624412    
  0.774639487    
  0.747324884    
  0.747854829    
  0.698713183    
  0.711213112    
  0.751049101    
  0.744391501    
  0.702176690    
  0.724746883    
  0.731339872    
  0.792745590    
  0.800213397    
  0.878172696    
  0.811273098    
  0.796412885    
  0.746396422    
  0.737556815    
  0.745549083    
  0.778405190    
  0.782672882    
  0.783683300    
  0.753957629    
  0.768891096    
  0.766731799    
  0.774149716    
  0.758253515    
  0.763552189    
  0.784674823    
  0.766864598    
  0.796827912    
  0.740746379    
  0.779529274    
  0.780798614    
  0.764583886    
  0.792184889    
  0.760116577    
  0.744546473    
  0.743491173    
  0.711071014    
  0.732365310    
  0.720360219    
  0.721988380    
  0.730516613    
  0.703693807    
  0.704346776    
  0.728899002    
  0.738977790    
  0.742852628    
  0.722919881    
  0.720898390    
  0.717044890    
  0.739291310    
  0.749162197    
  0.746973574    
  0.748666823    
  0.791191518    
  0.758639872    
  0.701828301    
  0.730765522    
  0.721204877    
  0.719021082    
  0.728691280    
  0.742988527    
  0.753187418    
  0.735413671    
  0.739233315    
  0.727987885    
  0.760435998    
  0.771095514    
  0.754686117    
  0.746916115    
  0.739654422    
  0.726758599    
  0.745665908    
  0.735444188    
  0.717493594    
  0.735078275    
  0.744198382    
  0.720079899    
  0.728539407    
  0.714173615    
  0.717539787    
  0.766528726    
  0.759151220    
  0.756495297    
  0.742965996    
  0.730439901    
  0.744717479    
  0.742342889    
  0.729960918    
  0.717380285    
  0.710518301    
  0.734052122    
  0.748452127    
  0.764454186    
  0.738320172    
  0.717846811    
  0.730407774    
  0.718948722    
  0.714904785    
  0.769994676    
  0.786275029    
  0.731723607    
  0.718661189    
  0.717342079    
  0.790918887    
  0.742904484    
  0.752794921    
  0.708730221    
  0.788281083    
  0.710772872    
  0.718366623    
  0.712960601    
  0.728109419    
  0.722285986    
  0.702414215    
  0.698165119    
  0.698948324    
  0.709533513    
  0.769007206    
  0.746368408    
  0.742192090    
  0.700753927    
  0.733546793    
  0.731064618    
  0.744960010    
  0.738879323    
  0.747505724    
  0.726156712    
  0.671028614    
  0.679406226    
  0.737567186    
  0.782716513    
  0.770239413    
  0.763786197    
  0.733951390    
  0.719667971    
  0.715996683    
  0.713046193    
  0.750546277    
  0.750731111    
  0.775257289    
  0.750149310    
  0.721494794    
  0.721720099    
  0.740128279    
  0.814858615    
  0.775689006    
  0.788110077    
  0.738544226    
  0.745184720    
  0.736177981    
  0.735918701    
  0.738226295    
  0.733143926    
  0.716064095    
  0.753092885    
  0.722176611    
  0.890673578    
  0.758829296    
  0.732204020    
  0.744310915    
  0.752446115    
  0.760460019    
  0.743407071    
  0.756006420    
  0.740589023    
  0.713244617    
  0.715114713    
  0.731410921    
  0.726105988    
  0.723919988    
  0.703308702    
  0.750935197    
  0.764597774    
  0.718210697    
  0.690876186    
  0.685577810    
  0.701949120    
  0.732501924    
   0.00000000    
