   2.27318811    
   2.23184490    
   2.26009202    
   2.30930901    
   2.19884610    
   2.29642296    
   2.24783301    
   2.11884403    
   2.17583299    
   2.20470309    
   2.27495503    
   2.27336311    
   2.16009092    
   2.16262794    
   2.25989699    
   2.19395494    
   2.33553791    
   2.30719805    
   2.28394103    
   2.33119607    
   2.32876897    
   2.37610793    
   2.27222896    
   2.34279394    
   2.35254407    
   2.36463690    
   2.34494591    
   2.28580499    
   2.27207088    
   2.28833199    
   2.34835410    
   2.34900403    
   2.40087295    
   2.32485294    
   2.31700301    
   2.37010002    
   2.26931596    
   2.28512597    
   2.34799409    
   2.35718298    
   2.38625097    
   2.38775802    
   2.34842205    
   2.35034108    
   2.40662193    
   2.42467093    
   2.21802306    
   2.42131090    
   2.26944494    
   2.35141397    
   2.26981497    
   2.25858593    
   2.20002294    
   2.29747200    
   2.29884601    
   2.32895708    
   2.24751997    
   2.31080604    
   2.36119390    
   2.32808495    
   2.19921994    
   2.22270107    
   2.25367498    
   2.24580598    
   2.11123109    
   2.07999706    
   2.09344912    
   2.08713293    
   2.33047295    
   2.08618999    
   2.11908102    
   2.28656197    
   2.18386102    
   2.30461192    
   2.24228001    
   2.35485101    
   2.30527902    
   2.12357903    
   2.18269801    
   2.10314703    
   2.17694902    
   2.19190192    
   2.07242107    
   2.10969400    
   2.10420704    
   2.25088406    
   1.97428203    
   1.96215200    
   2.10921407    
   2.31126904    
   1.93177104    
   2.18717599    
   2.34347606    
   2.34867311    
   2.26053691    
   2.23867512    
   2.21419811    
   2.21602893    
   2.31276894    
   2.27767897    
   2.18702698    
   2.15634704    
   2.14882803    
   2.13327694    
   2.32733297    
   2.27057409    
   2.23266912    
   2.22047091    
   2.25184011    
   2.27190495    
   2.27890205    
   2.23057890    
   2.23649311    
   1.92507505    
   1.40054297    
   1.09322095    
   1.27183497    
   1.16864800    
   1.24029303    
   1.18280196    
   1.19225001    
   1.34558904    
   2.31767106    
   2.31228995    
   2.28272009    
   2.28072691    
   2.32937193    
   2.33109188    
   2.30840302    
   2.31613898    
   2.39091492    
   2.28096199    
   2.33182192    
   2.32668900    
   2.32014894    
   2.33897400    
   2.25674009    
   2.26413703    
   2.21649098    
   2.31323600    
   2.25259399    
   2.32323599    
   2.32833695    
   2.28510690    
   2.32696795    
   2.24915791    
   2.21986508    
   2.21686602    
   2.24757409    
   2.19911504    
   2.23693895    
   2.21709204    
   2.21387696    
   2.22095490    
   2.27230191    
   2.21669602    
   2.23043704    
   2.23484302    
   2.26173711    
   2.27393699    
   2.30780697    
   2.30173206    
   2.26981091    
   2.19840097    
   2.17166495    
   2.26708388    
   2.13918710    
   2.14760494    
   2.19321990    
   2.14533997    
   2.16285992    
   2.04651189    
   2.16128993    
   2.13153291    
   2.12914705    
   2.12916899    
   2.12457609    
   2.06628799    
   2.04745007    
   2.10328889    
   2.08844399    
   2.10823011    
   2.15816307    
   2.10146999    
   2.09769011    
   2.15359497    
   2.09779000    
   2.10088992    
   2.11790109    
   2.13494396    
   2.15152192    
   2.14003801    
   2.13375807    
   2.06038904    
   2.08406711    
   2.17649388    
   2.14738011    
   2.13241410    
   2.13035393    
   2.12594700    
   2.12493610    
   2.10952997    
   2.09303308    
   1.81871104    
   2.11858010    
   2.14106488    
   2.06864095    
   2.13174701    
   2.10042095    
   2.11648703    
   2.10553193    
   2.08378005    
   2.10605407    
   2.12445092    
   2.15520906    
   2.12802911    
   2.12682199    
   2.38570404    
   2.11141896    
   2.06231689    
   2.13598204    
   2.23007298    
   2.08909893    
   2.09939599    
   2.12083197    
   2.13829494    
   2.14554501    
   2.12246609    
   2.13094497    
   2.18768001    
   2.14497304    
   2.16529012    
   2.13879299    
   2.05359197    
   2.59075999    
   1.99064600    
   2.03746390    
   2.05124402    
   2.11803102    
   2.20227003    
   2.11963391    
   2.14322996    
   2.15293097    
   2.12424111    
   1.99510002    
   2.09330797    
   2.10162997    
   2.16417193    
   2.12196994    
   2.05622101    
   2.15174890    
   2.12604403    
   2.10917902    
   2.12943602    
   2.14185095    
   2.11484194    
   2.12457895    
   2.14230108    
   2.10095906    
   2.07843399    
   2.12090397    
   2.05103302    
   2.06755304    
   2.11389709    
   2.11127090    
   2.07023096    
   2.14410305    
   2.12302899    
   2.01830697    
   2.11811900    
   2.12571502    
   2.14697504    
   2.11754489    
   2.10091996    
   2.12180901    
   2.12816095    
   2.12041211    
   2.03437996    
   2.05387497    
   2.07696509    
   2.07785702    
   2.11145210    
   2.13350201    
   2.13387108    
   2.13966298    
   2.05554891    
   2.09259605    
   2.07737803    
   2.09668493    
   2.06018710    
   2.12491608    
   2.14391899    
   2.05236793    
   2.09069991    
   2.08736801    
   2.08322501    
   2.05009103    
   2.40260792    
   2.09551907    
   2.14197707    
   2.10725689    
   2.09354401    
   2.19897890    
   2.15143108    
   2.11859608    
   2.08334994    
   2.10088897    
   2.16585898    
   2.16014290    
   2.12669992    
   2.13738799    
   2.41352701    
   1.93221104    
   1.26228905    
   1.30588496    
   1.09070396    
  0.643912971    
  0.775725126    
   2.09614611    
   2.13203001    
   2.17689705    
   2.15938592    
   2.18074799    
   2.10754895    
   2.12302995    
   1.95881796    
   2.12292910    
   2.09800410    
   2.24898291    
   2.12432098    
   2.06947899    
   2.22988701    
   2.11205196    
   2.11704803    
   2.12323689    
   2.07592392    
   2.08601499    
   2.11046410    
   2.06247401    
   2.10250902    
   2.15996099    
   2.13744497    
   2.15612102    
   2.10789704    
   2.12083912    
   2.12225604    
   2.08745098    
   2.07777905    
   2.07913089    
   2.13170791    
   2.05916595    
   2.03110790    
   2.07281089    
   1.97331405    
   2.04310298    
   2.05659699    
   2.07522798    
   2.07583308    
   2.14408493    
   2.11652398    
   2.14995790    
   2.09119105    
   2.08812189    
   2.20550108    
   2.11568093    
   2.02184200    
   2.15430808    
   1.91928303    
   2.09727407    
   2.14934993    
   2.16445804    
   2.03341389    
   2.09584999    
   2.13593507    
   2.12700391    
   2.06497312    
   2.09183192    
   2.07917905    
   2.11915398    
   2.11008501    
   2.08529401    
   2.09618402    
   2.14684510    
   2.17520595    
   2.29766989    
   2.13800192    
   2.13808799    
   2.10517812    
   2.10594797    
   2.12370896    
   2.01921201    
   2.03481197    
   2.00350904    
   1.96047699    
   1.98938704    
   2.08796906    
   1.59217000    
   1.99786901    
   2.01104999    
   2.00259209    
   2.69447088    
   2.01290798    
   2.16725993    
   2.14972401    
   2.20208406    
   2.10060811    
   2.11521411    
   2.07227111    
   2.09701109    
   2.08224297    
   2.06664801    
   3.16183901    
   2.06889200    
   2.09840298    
   2.16508389    
   2.12016702    
   2.14294291    
   2.08442402    
   2.09889293    
   2.14543390    
   2.10373998    
   2.20623589    
   2.11439896    
   2.14880991    
   2.15953803    
   2.05789900    
   2.06714797    
   2.06303310    
   2.04629207    
   2.05479407    
   2.10554790    
   2.12085605    
   2.14379692    
   2.09776497    
   2.09607100    
   2.15399408    
   2.14053011    
   2.08859396    
   2.15254307    
   2.12611604    
   2.09958410    
   2.09118700    
   2.12491798    
   2.13991690    
   2.08943892    
   2.13217402    
   2.12590003    
   2.12469101    
   2.09629512    
   2.15916395    
   2.05563092    
   2.10303712    
   2.08415794    
   2.08179808    
   2.04655004    
   2.08929992    
   2.08099198    
   2.09200311    
   2.09978700    
   2.11304402    
   2.11856890    
   9.98999977    
   2.10279202    
   2.11205912    
   2.08700800    
   2.27125692    
   2.12685108    
   2.09857202    
   2.12622309    
   2.04296803    
   2.06259608    
   2.08891892    
   2.09689093    
   2.14299107    
   2.13177705    
   2.09822106    
   2.10280800    
   2.10104990    
   2.10254407    
   2.12124610    
   2.10110903    
   2.06727505    
   2.12872601    
   2.09225893    
   1.99930000    
   2.08623004    
   2.11071205    
   2.13137507    
   2.12085700    
   2.08863401    
   2.10488701    
   2.12108111    
   2.12591696    
   2.09538198    
   2.07710600    
   2.11071706    
   2.11811590    
   2.11638594    
   2.10312510    
   2.03823709    
   2.09593511    
   2.11686897    
   2.11529708    
   2.10728407    
   2.11499190    
   2.17058897    
   2.18526697    
   2.05043602    
   2.08671594    
   2.14203095    
   2.25372505    
   2.17506194    
   2.17261100    
   2.08495808    
   2.39076400    
   2.03660703    
   2.02475905    
   2.07635498    
   2.13424397    
   2.21839595    
   2.16412711    
   2.18959904    
   1.98070395    
   2.00413108    
   2.07657599    
   2.09955812    
   2.16628504    
   2.14993596    
   2.12932205    
   2.09524012    
   2.06457400    
   2.05011106    
   2.16337395    
   2.10587692    
   2.16691995    
   2.15062499    
   2.11659408    
   2.17337298    
   2.18735194    
   2.17916608    
   2.10625505    
   2.20726490    
   2.15529108    
   2.09979391    
   2.15631390    
   2.19077992    
   2.16030312    
   2.10038495    
   2.19583201    
   1.79553401    
   2.13461399    
   2.02953291    
   2.01610398    
   2.13069606    
   2.11243510    
   2.10850906    
   2.12799597    
   2.20159411    
   2.15393901    
   2.15377998    
   2.12970805    
   2.11453509    
   2.13809705    
   2.11824608    
   2.08995199    
   2.22598505    
   2.17861891    
   2.16815400    
   2.04490805    
   2.17454195    
   2.13332605    
   2.08001494    
   2.12438107    
   2.15965605    
   2.18356800    
   2.19681907    
   2.13023090    
   2.20646596    
   2.15468502    
   2.16648507    
   2.17878604    
   2.10335302    
   2.11863589    
   2.14457893    
   2.18066192    
   2.16611290    
   2.19064403    
   2.11503911    
   2.17248297    
   2.20110607    
   2.18744612    
   2.17023993    
   2.13946104    
   2.13443494    
   2.12967300    
   2.10942602    
   2.05902410    
   2.14563608    
   2.15321207    
   2.13312697    
   2.17562389    
   2.12568402    
   2.11246395    
   2.10648489    
   2.21133304    
   2.15007305    
   2.14280009    
   2.00282192    
   2.13022995    
   2.15710902    
   2.10533690    
   2.13866210    
   2.13936210    
   2.08361506    
   2.15134501    
   2.14008403    
   2.14269710    
   2.23290300    
   2.11995792    
   2.07502699    
   2.11176109    
   2.12049890    
   2.15520096    
   2.08964705    
   2.19631600    
   2.14102602    
   2.09235096    
   2.12819409    
   2.18407989    
   2.11697602    
   2.13295603    
   2.08513594    
   2.06074190    
   2.08897591    
   2.16825008    
   2.18898201    
   2.10543609    
   2.12775707    
   2.12693596    
   2.13358212    
   2.04065990    
   2.06487298    
   2.08536410    
   2.09293103    
   2.07440090    
   2.16373801    
   2.14166808    
   2.14902401    
   2.11372495    
   2.10785294    
   2.08164096    
   2.13005495    
   2.18302488    
   2.19194198    
   2.18949699    
   2.19670796    
   2.06429100    
   2.09478402    
   2.14075494    
   2.33862090    
   2.06832695    
   2.14397311    
   2.10150909    
   2.06568789    
   2.10938406    
   2.05790210    
   2.16972995    
   2.02688098    
   2.04282999    
   2.01122093    
   2.13399601    
   2.12649703    
   2.10985804    
   2.08855605    
   2.02149200    
   2.11032701    
   2.08937001    
   2.07365990    
   2.19424701    
   2.12034202    
   2.12501907    
   2.07979798    
   2.07437801    
   2.11323500    
   2.10946298    
   2.09195709    
   2.10312700    
   2.12206411    
   2.09438396    
   2.08405590    
   2.12174702    
   2.05257607    
   2.08092904    
   2.10151601    
   2.11189699    
   2.09711790    
   2.12326002    
   2.11610889    
   2.01757002    
   2.18264008    
   2.13185692    
   2.13159609    
   2.12596512    
   2.11791801    
   2.05911207    
   2.10608912    
   2.10279989    
   2.12141609    
   2.17605400    
   2.07961893    
   2.13299108    
   2.12149501    
   2.11237907    
   2.11625409    
   2.07938695    
   2.09335089    
   2.07539892    
   2.11477304    
   2.04309392    
   1.97427106    
   2.27446103    
   2.06570506    
   2.09635091    
   2.11076498    
   2.10108399    
   2.08413696    
   2.10475898    
   2.12241292    
   2.14789104    
   2.13556290    
   2.07938099    
   2.10216904    
   2.21582699    
   2.11361790    
   2.10145497    
   2.10394001    
   2.13045001    
   2.09528899    
   2.13655210    
   2.09457898    
   2.10623407    
   2.10310411    
   2.08574510    
   2.08972597    
   2.05075598    
   2.17070508    
   2.08152103    
   2.03073597    
   2.16275597    
   2.10946798    
   2.13059592    
   2.08632803    
   2.12080503    
   2.07013798    
   2.03148293    
   2.08144999    
   2.09158397    
   2.09539294    
   2.05938005    
   2.05798292    
   2.10050011    
   2.13602304    
   2.12848806    
   2.12771201    
   2.07301807    
   2.09444594    
   2.04918694    
   2.11650801    
   2.15303206    
   1.99766004    
   2.16103697    
   2.12083697    
   2.09750795    
   2.07229996    
   2.07291102    
   2.11784792    
   2.09605503    
   2.11083889    
   2.06989694    
   2.07430291    
   2.03305197    
   2.13158107    
   2.06572795    
   2.08258104    
   2.05675101    
   2.04144406    
   2.00151491    
   1.94407797    
   2.08720994    
   2.08353901    
   2.02533007    
   2.04759407    
   2.01940894    
   2.06144595    
   2.07783508    
   2.06633806    
   2.20350194    
   2.22998595    
   2.22930694    
   2.08083010    
   2.12128711    
   2.05595303    
   2.13316107    
   2.08729291    
   2.09303904    
   2.10793304    
   2.10782099    
   2.21736193    
   2.02309489    
   2.02695608    
   1.99168706    
   2.06051111    
   2.00991607    
   2.08800793    
   2.09955692    
   2.10516596    
   2.04305696    
   1.89802599    
   1.94374704    
   1.94975400    
   2.05735111    
   2.03719997    
   2.00840998    
   2.01642990    
   1.99220705    
   1.97062600    
   2.04790306    
   2.01148510    
   2.08324289    
   2.12116003    
   2.04322195    
   2.01333594    
   1.98822296    
   2.00974798    
   2.03096199    
   2.02925801    
   2.00309896    
   1.97842205    
   1.98556697    
   2.01403499    
   1.94891405    
   2.02246594    
   1.97445095    
   2.07473898    
   2.01956201    
   2.04082704    
   2.02483606    
   2.04586291    
   2.05312490    
   2.00969505    
   2.12763190    
   2.06300712    
   2.02184391    
   2.04436111    
   1.97938204    
   2.02144289    
   2.04550791    
   2.02221298    
   2.03117299    
   2.04181290    
   2.07132602    
   2.04168010    
   1.98278999    
   1.98074496    
   1.99950802    
   2.02543092    
   1.98751795    
   1.93742895    
   2.00274801    
   1.94281495    
   1.94555497    
   1.95224595    
   1.98300397    
   2.03531003    
   2.02526498    
   2.01027298    
   2.03191996    
   1.97466803    
   2.01621008    
   2.06113100    
   2.01825595    
   2.01772690    
   2.00086308    
   1.96256697    
   1.96388602    
   2.01173902    
   2.07780504    
   2.08630705    
   2.03945708    
   2.04027510    
   2.03674412    
   1.99747801    
   2.02516508    
   2.00776005    
   1.98613501    
   2.00022793    
   2.04444599    
   2.00444293    
   2.04631209    
   2.03924394    
   1.98110700    
   2.04539704    
   2.00039506    
   1.99198794    
   2.02413607    
   2.01813602    
   1.98364997    
   2.00029993    
   1.99701500    
   1.99979198    
   2.02985406    
   2.00855994    
   1.99291301    
   1.99859297    
   2.00112605    
   1.96902394    
   1.95239401    
   1.99126399    
   2.03726196    
   2.01577497    
   2.01527596    
   1.96783197    
   1.96836901    
   1.96744204    
   1.99610102    
   1.99179494    
   2.04482508    
   2.05409002    
   2.18368793    
   2.03631711    
   2.05170012    
   2.01955700    
   1.99537098    
   1.99234998    
   1.97684598    
   2.03924489    
   2.01731706    
   1.99151599    
   1.96850395    
   1.91625702    
   2.25779104    
   2.01970911    
   2.03062892    
   2.04232907    
   2.03551602    
   2.10389709    
   2.12225699    
   2.10148692    
   2.04498601    
   2.06305408    
   2.07813191    
   2.11388493    
   2.08884192    
   2.07411695    
   2.07545090    
   2.08166099    
   2.04773903    
   2.03160906    
   2.03654599    
   2.05384803    
   2.14240098    
   2.03119493    
   2.06990409    
   2.05673695    
   2.06054401    
   2.05371904    
   2.05583692    
   2.05388403    
   2.06440997    
   2.12024808    
   2.12077808    
   2.08356810    
   2.10065603    
   2.10334611    
   2.07165790    
   2.03969693    
   2.04254293    
   2.05233312    
   2.09330106    
   2.05741501    
   2.10129690    
   2.05765605    
   2.03700495    
   2.01087594    
   1.92722297    
   2.04892993    
   2.02342010    
   1.98597395    
   2.07147002    
   2.04723811    
   1.96721995    
   2.05351400    
   2.07224703    
   2.06951690    
   2.07926202    
   2.03628397    
   2.03837395    
   2.00908804    
   2.04513001    
   2.05032802    
   2.04509711    
   2.00338197    
