   1.10502196E-02
   5.29489182E-02
  0.197220907    
  0.169637799    
  0.214801699    
 -0.166693404    
 -0.209955707    
  -3.86279300E-02
  -4.93946113E-02
  -4.89643998E-02
  -5.17171212E-02
   2.84762997E-02
  -6.14756495E-02
  0.103334904    
  0.115988597    
   3.00458707E-02
  -7.51690865E-02
  -5.99869192E-02
 -0.241247505    
 -0.169693798    
   9.85721871E-02
  0.210859299    
   8.61210302E-02
   2.53413301E-02
   7.34196603E-02
  -8.82671475E-02
   5.69937602E-02
   8.45609307E-02
  0.130628899    
 -0.251358807    
   5.03551401E-02
 -0.133761093    
   9.40053165E-02
   1.56861991E-02
   5.35636395E-03
  -6.31773786E-04
   9.25134774E-03
  -6.98927278E-03
   8.69137570E-02
  -8.06881264E-02
  -2.51812693E-02
 -0.171995699    
   3.72785591E-02
  0.111586303    
  0.186875001    
  0.232727796    
   7.51227736E-02
  0.194683596    
  -4.13634889E-02
  -9.72435996E-02
  0.114397503    
 -0.200229302    
 -0.247786701    
 -0.134719193    
 -0.147698104    
   3.72249112E-02
 -0.147841901    
 -0.384761304    
 -0.230905294    
   1.93513408E-02
  0.152401999    
  0.236401007    
  0.245410606    
 -0.144283503    
 -0.266027510    
 -0.241584495    
 -0.136783093    
  -4.28947695E-02
 -0.110763900    
 -0.109261699    
   5.31992801E-02
 -0.163791999    
  0.619214177    
  -3.44498008E-02
   1.30769899E-02
   7.19554871E-02
   1.53569197E-02
  0.229113400    
   5.57796098E-02
  0.213011295    
  0.130372807    
  -1.88073702E-02
   4.75577712E-02
   8.35910067E-02
  0.143860698    
  0.129921794    
 -0.132974401    
   4.86758612E-02
  0.187160194    
  0.192083195    
  0.263776511    
  0.172501802    
  -4.09136005E-02
  -7.87428170E-02
   5.47010005E-02
  0.239702702    
   8.44347402E-02
  -2.23346706E-02
 -0.297460586    
  -5.36666997E-02
  0.110074699    
  0.205579400    
   8.49640965E-02
 -0.124187298    
   6.98187873E-02
   4.59242798E-02
  0.186712801    
  0.413773894    
  -7.87231624E-02
  -6.23775609E-02
   2.36564092E-02
  0.222421706    
  0.130492896    
  0.201287597    
  0.160291895    
  0.248371407    
  0.302171111    
  0.377841085    
  0.107852302    
  -3.50448899E-02
   7.43867010E-02
   5.65001704E-02
  0.152955994    
  0.282807291    
  0.282465190    
  0.281573594    
   4.04190607E-02
  0.113159701    
  0.291716814    
  0.475394011    
 -0.119332500    
  0.125110298    
   9.30456221E-02
   3.62442397E-02
  0.176651895    
  0.288203090    
  0.119191900    
  0.198680997    
  0.275661111    
 -0.141186193    
 -0.102421500    
  0.231019393    
  0.199530199    
   6.65362701E-02
   2.54097693E-02
  0.169265807    
 -0.228634596    
  0.128638595    
  0.106316604    
  -9.94945168E-02
   2.60176808E-02
  -1.91442703E-03
  -1.56308506E-02
  -8.80095270E-03
  0.281345993    
  0.288027614    
  0.479328096    
  0.658873618    
   2.31318492E-02
  0.107592098    
  0.261797696    
  -2.45485697E-02
 -0.176345006    
   2.65191700E-02
   2.64042709E-02
   1.46085797E-02
   6.21163510E-02
  -2.41223704E-02
 -0.193287596    
 -0.259964496    
  0.193202496    
  0.306952596    
  0.182154000    
  -3.35628688E-02
  -1.78661793E-02
   8.64171684E-02
  0.126862496    
  0.293729812    
   2.26065591E-02
 -0.279452085    
  -4.94468317E-04
 -0.188924894    
  -5.60214818E-02
 -0.103761002    
  -4.58045192E-02
  0.116241500    
  0.197162300    
  -4.35658507E-02
   3.00023109E-02
 -0.114324100    
  -6.16108393E-03
   4.70037013E-02
 -0.118540399    
  -5.39763607E-02
  -9.73864496E-02
  0.161997899    
  0.255901814    
   6.49366304E-02
  -8.35863277E-02
   9.71648917E-02
   3.86438482E-02
  0.189048395    
 -0.118894704    
  0.128800899    
  -2.84702107E-02
 -0.159667894    
   4.86467406E-02
   5.99999018E-02
  -3.96852493E-02
 -0.318917304    
  -3.56117599E-02
  -6.56030402E-02
  -5.33576310E-02
   1.17724400E-03
  -7.03497306E-02
  -7.40473568E-02
 -0.147216305    
 -0.103569299    
  -2.11787801E-02
   7.02708308E-03
   5.64301712E-03
   6.02098294E-02
   2.71857809E-02
  -6.47488013E-02
   6.88753426E-02
  0.229813203    
  0.216450706    
  0.174724802    
   7.30131269E-02
   3.72578092E-02
  -3.33688110E-02
  -4.04827185E-02
 -0.245807603    
  -7.33270273E-02
 -0.104784802    
 -0.118915297    
  -2.35861801E-02
  -7.42416605E-02
 -0.288267195    
  -4.22797315E-02
 -0.114264503    
 -0.194735304    
 -0.100574501    
 -0.141581804    
 -0.237974301    
   6.99859113E-02
  -8.46582577E-02
 -0.140228599    
 -0.159871593    
 -0.173905298    
   3.07793692E-02
  -3.85112502E-02
 -0.154104307    
 -0.161454305    
 -0.111206003    
 -0.123070396    
  -7.72440434E-02
 -0.167978197    
 -0.172918797    
 -0.180261403    
 -0.172842205    
 -0.131155804    
   2.35871207E-02
  -3.21645290E-02
 -0.113729998    
 -0.100339398    
  -5.11584803E-02
 -0.215415701    
  -4.26065885E-02
  -9.36631635E-02
  -6.69222474E-02
 -0.164049402    
  -9.04895216E-02
 -0.252594501    
 -0.189360306    
 -0.241505802    
 -0.195104495    
  -2.38099508E-02
 -0.163082495    
 -0.124683298    
 -0.110315703    
 -0.113673203    
  -2.19048802E-02
  0.239048794    
  -9.94277969E-02
 -0.178104505    
 -0.183287695    
 -0.214028001    
 -0.200698301    
 -0.203193605    
 -0.117380001    
 -0.127254799    
 -0.145778701    
  -9.40442011E-02
  -8.68818536E-03
 -0.174615502    
 -0.252948910    
 -0.254243702    
 -0.219969600    
 -0.318304211    
 -0.345084310    
  -6.63021132E-02
 -0.102451503    
 -0.198293194    
 -0.168420300    
 -0.162571594    
  -9.40147936E-02
 -0.111140601    
 -0.142231300    
  -2.24562399E-02
   7.20859915E-02
 -0.160966799    
 -0.193666801    
 -0.174895599    
 -0.153782293    
 -0.164574295    
 -0.130028605    
  -1.32698901E-02
  -8.19279030E-02
  -4.26604599E-02
 -0.194718793    
 -0.120814897    
  -5.80981411E-02
  -8.02302510E-02
  -6.46251217E-02
 -0.167554200    
  -1.54139102E-02
 -0.182345703    
 -0.232439995    
  -6.68564066E-02
 -0.107913300    
  -2.93070804E-02
 -0.420340896    
  -3.99011001E-02
  -3.38719897E-02
 -0.253615111    
 -0.133493602    
 -0.225436404    
 -0.245801300    
 -0.201649293    
 -0.184197798    
 -0.221819103    
 -0.167595506    
   1.71255991E-02
  -7.26158768E-02
  -5.32793812E-02
  -6.89642429E-02
  -4.89926785E-02
  -1.43502001E-02
 -0.102871597    
  -6.42035231E-02
  -7.04581812E-02
 -0.102071904    
   1.70866009E-02
   7.39600137E-02
  -4.46740612E-02
 -0.243705601    
 -0.104482397    
 -0.116355300    
  -7.53412694E-02
 -0.150976002    
   7.05984905E-02
 -0.203115806    
 -0.223107696    
  -7.34417364E-02
 -0.163062200    
 -0.167834207    
  -6.01084791E-02
 -0.227381304    
 -0.101623297    
  -2.40892805E-02
 -0.230213299    
 -0.150399894    
 -0.147994697    
 -0.300968796    
  0.135573402    
 -0.183990702    
 -0.115902998    
 -0.200692996    
 -0.239397705    
 -0.113048799    
  -3.81207317E-02
  -6.32212684E-02
  -9.55947787E-02
 -0.204185501    
 -0.107667103    
 -0.125792593    
  -5.05188406E-02
 -0.117920898    
  -6.38500527E-02
  -9.61916372E-02
  -3.76304798E-02
  -9.60407034E-02
 -0.162109703    
 -0.155827701    
  -9.31258127E-02
 -0.105812803    
  -5.54249585E-02
   2.88327001E-02
   9.47046131E-02
 -0.102266297    
 -0.242448896    
  -8.52971971E-02
   2.16017594E-03
  -6.19416609E-02
 -0.181884095    
 -0.137621403    
   5.42524792E-02
   2.39479207E-02
  -7.33232275E-02
   6.60725981E-02
  -3.17796618E-02
  -7.85397645E-03
  -6.64244965E-02
 -0.236096993    
 -0.108022898    
  -3.47323790E-02
  -8.03659931E-02
   2.94986600E-03
 -0.211716995    
 -0.175730497    
   7.99495131E-02
  -2.51878202E-02
 -0.181035802    
 -0.139919400    
  -2.31769606E-02
  -4.90262499E-03
 -0.143628597    
 -0.260470688    
 -0.323130190    
 -0.354774207    
 -0.129301205    
  -1.39872599E-02
  -6.84019327E-02
 -0.181806698    
 -0.205828801    
 -0.233409196    
 -0.213624597    
  -8.26644525E-02
  -6.66128173E-02
 -0.240018994    
 -0.225941002    
 -0.169172004    
 -0.187228099    
  -1.86713599E-02
 -0.293544888    
 -0.103945099    
 -0.122408897    
  -8.59848708E-02
  -1.91515796E-02
 -0.351944387    
 -0.156511396    
 -0.121197201    
  -9.90770310E-02
  -3.80693302E-02
  -3.85260209E-03
 -0.189978302    
  -9.03065428E-02
  -6.54946500E-03
 -0.121986702    
  -9.74358693E-02
  -7.32764900E-02
 -0.233863607    
  -2.28008907E-02
  -6.58669770E-02
  -9.79309827E-02
  -3.14032398E-02
 -0.102393903    
 -0.127018496    
 -0.209278002    
 -0.211445495    
 -0.178634599    
 -0.153064206    
  -2.59050392E-02
 -0.172569096    
 -0.112156004    
 -0.178478107    
   2.92331409E-02
   4.31155600E-02
 -0.189539194    
  -8.26354474E-02
  -1.25633096E-02
 -0.154537901    
  -8.05190206E-02
  -8.09609368E-02
 -0.204164296    
  -7.92954266E-02
 -0.111310102    
 -0.252777189    
  -9.78319570E-02
  -7.18377382E-02
  -7.75581179E-03
 -0.199491695    
 -0.187323004    
 -0.191536203    
 -0.144033402    
 -0.114144698    
 -0.210608393    
  -4.37337905E-02
  -9.12152883E-03
 -0.163391307    
 -0.230557501    
   8.67377371E-02
  0.158932999    
 -0.100253500    
  -6.97602183E-02
 -0.142379805    
  -9.68425870E-02
  -4.15187404E-02
  -8.02963674E-02
 -0.225028098    
 -0.286151797    
  -5.07155582E-02
   2.60641705E-03
   1.02361594E-03
  -5.94658516E-02
  -3.27659808E-02
  0.198667005    
   7.76481032E-02
 -0.199930102    
 -0.114436001    
  -4.96995710E-02
   1.75735801E-02
 -0.265592396    
 -0.118249796    
  -8.01019222E-02
 -0.234989002    
 -0.153778493    
  -5.61775193E-02
  -6.25200868E-02
 -0.130061194    
  -1.37219997E-02
 -0.180410206    
  -8.46203864E-02
 -0.121634401    
 -0.141479805    
 -0.128580496    
  -7.50421286E-02
  -5.93083585E-03
  -7.14398399E-02
 -0.122048497    
 -0.265183508    
 -0.175239399    
  -9.20341685E-02
 -0.175288498    
 -0.111142203    
 -0.142872199    
 -0.135408595    
 -0.131587297    
  -6.58591464E-02
 -0.111937702    
 -0.122026600    
 -0.291276693    
  -5.49321994E-02
  -2.92288996E-02
   5.44995815E-02
  -5.83444815E-03
  0.418536186    
   3.78524996E-02
  0.127870396    
 -0.159876406    
  -2.64465902E-02
  0.171164796    
  0.233220294    
   4.95690890E-02
  -9.63907223E-03
  -5.33542708E-02
  -5.55381589E-02
 -0.174072996    
 -0.153287202    
 -0.159117401    
 -0.168620095    
  -1.57704093E-02
  -6.78683668E-02
  -9.54522658E-03
  -6.73512518E-02
  -2.74803098E-02
  -3.04026902E-02
  -4.71823812E-02
  -2.39003599E-02
 -0.114325300    
   2.64653806E-02
   3.31705213E-02
   4.41749692E-02
   1.57375205E-02
   1.75773799E-02
 -0.110213198    
 -0.124478400    
 -0.155755699    
 -0.174077302    
 -0.295666695    
 -0.271943808    
 -0.135116205    
 -0.263551712    
 -0.199702203    
  -9.34030190E-02
  -6.72765076E-02
  -1.38315298E-02
 -0.211979300    
 -0.292445511    
  -7.23881721E-02
  -6.49889931E-02
  -2.12637093E-02
 -0.171272099    
  -8.77278522E-02
  -6.22561090E-02
  -2.87529007E-02
  -8.51553828E-02
   4.56255600E-02
   5.95598593E-02
 -0.123443402    
  -1.23309400E-02
 -0.330416411    
 -0.426091611    
 -0.105077803    
  -3.42550687E-02
  -5.76166213E-02
 -0.115188301    
 -0.151980996    
 -0.300470293    
  -9.77754071E-02
 -0.103580199    
  -4.81659882E-02
 -0.234805897    
 -0.199749798    
 -0.198764697    
 -0.185699403    
 -0.156723499    
 -0.348708689    
  -4.34028804E-02
  -4.94104400E-02
  -2.71822307E-02
  -5.06117791E-02
  -9.50033218E-02
  -8.03875327E-02
 -0.209563106    
  -8.20221901E-02
  -8.19137096E-02
  -2.91681904E-02
  -3.35279405E-02
   1.00242896E-02
   2.08880305E-02
  -7.98637569E-02
  -9.83463600E-02
  -8.87333527E-02
  -3.53154987E-02
 -0.244835496    
 -0.233409196    
 -0.211357802    
 -0.141856894    
 -0.145396903    
 -0.117082700    
 -0.273133993    
 -0.412192494    
 -0.450512499    
 -0.447233796    
 -0.475335687    
 -0.461050510    
   7.46939927E-02
  -3.44500295E-03
  -6.48688227E-02
  -1.75129101E-02
  -5.71349300E-02
 -0.135948405    
 -0.148723304    
 -0.167107895    
  -5.80474585E-02
 -0.164201394    
 -0.270248801    
 -0.209580302    
 -0.141044706    
  -5.46534993E-02
 -0.101182804    
  -8.00750479E-02
 -0.187087998    
 -0.125552997    
  -5.17332517E-02
 -0.131377697    
 -0.125080407    
  -7.78061822E-02
 -0.204567805    
 -0.113801599    
 -0.110033996    
 -0.150213003    
  -8.00754577E-02
  -5.55801317E-02
  -9.28968564E-02
 -0.142550394    
  -8.15819725E-02
  -7.95879588E-02
  -7.17214495E-02
 -0.124723703    
 -0.106680900    
 -0.168326601    
 -0.208077595    
 -0.298327506    
 -0.346281111    
 -0.108755499    
  -4.09269482E-02
  -5.39524890E-02
 -0.177373305    
  -7.93623775E-02
 -0.141559407    
 -0.163343400    
  -8.93336087E-02
 -0.178592205    
  -6.87797070E-02
 -0.140668198    
 -0.163096800    
  -5.39358407E-02
 -0.204647198    
  -5.51862717E-02
  -4.30518910E-02
   2.97614709E-02
  -6.18492700E-02
   2.81620910E-03
   6.68044686E-02
  -5.03700487E-02
   3.97922806E-02
 -0.141288206    
 -0.181973398    
 -0.209968805    
  -7.39364475E-02
   4.43700291E-02
  -7.03793392E-02
  -9.87829864E-02
 -0.176000297    
 -0.190863907    
 -0.190742195    
  -4.90423515E-02
  0.119578697    
  0.117623903    
 -0.159364000    
 -0.125191793    
 -0.207689598    
 -0.181016102    
  -8.41320232E-02
 -0.124512203    
  -5.38773984E-02
  -9.29900631E-02
 -0.117604502    
 -0.193643406    
  -6.22445792E-02
  -4.98961983E-03
  -5.07636406E-02
  -9.98325199E-02
 -0.105171598    
 -0.154021993    
  -9.29891393E-02
  -7.81159773E-02
  -7.47878924E-02
 -0.101328097    
 -0.133974701    
 -0.176947802    
  -4.31696288E-02
   6.84386585E-03
  -4.46706600E-02
 -0.171798393    
 -0.117957696    
 -0.305461198    
 -0.131316796    
 -0.101221502    
 -0.136484906    
  -9.04051214E-02
 -0.339359313    
 -0.148086399    
 -0.182574496    
  -8.38313103E-02
  -1.57616101E-02
  -7.64224976E-02
 -0.114911303    
 -0.155584693    
 -0.189415798    
  -6.53427020E-02
  -6.83794320E-02
  -2.58496609E-02
  -1.36327697E-02
  -6.56592101E-02
  -8.60911012E-02
  -6.04452789E-02
 -0.128756195    
   0.00000000    
