  -1.64412200    
  -2.11752701    
  -1.78779304    
  -1.66853905    
  -1.48920596    
  -1.36578500    
  -1.21282196    
  -1.01826298    
  -1.25431204    
  -1.34505296    
  -1.23336601    
  -1.68965697    
 -0.965100884    
  -1.25402498    
  -1.32629299    
  -1.49167502    
  -1.78632998    
  -1.87042201    
  -1.26507497    
  -2.17234993    
  -1.14461005    
 -0.760893524    
  -1.67465496    
  -1.49250400    
  -1.54176295    
  -1.71590495    
  -1.80270505    
  -1.27354002    
  -1.04364598    
  -1.18241298    
  -1.40885997    
  -1.30782902    
  -1.15602195    
  -1.14896798    
  -1.52078497    
 -0.556844890    
  -1.81136596    
  -1.70482695    
  -1.63040197    
  -1.36433899    
 -0.887871802    
 -0.426800311    
 -0.775665104    
  -1.18243003    
  -1.50549901    
  -1.21930599    
  -1.11919701    
  -1.22820306    
  -1.27697003    
  -1.03472698    
  -1.23768795    
  -1.28442395    
  -1.03177500    
  -1.32180405    
  -1.48441899    
  -1.29358399    
 -0.883374214    
  -1.28994298    
  -1.08500004    
 -0.993567586    
  -1.36984897    
  -1.50844204    
  -1.25972104    
  -1.41658902    
  -1.37059104    
  -1.30583799    
  -1.26831102    
  -1.21357703    
  -1.30557001    
  -1.12368500    
  -1.03645599    
 -0.784704804    
 -0.806079984    
  -1.29915202    
  -1.74789202    
  -1.71351004    
  -1.43826306    
 -0.374716103    
  -1.43657601    
  -1.79693198    
  -1.66849399    
  -1.48756695    
  -1.25964200    
  -1.39238203    
  -1.29071200    
 -0.968078375    
  -1.37290597    
  -1.23887503    
  -1.28435302    
  -1.48294497    
  -1.42530406    
  -1.42548299    
  -1.33663499    
  -1.29827905    
  -1.27039695    
  -1.83097994    
  -1.72232902    
  -1.27723598    
  -1.37158298    
  -1.30740404    
  -1.03376496    
  -1.50687695    
  -1.38888896    
  -1.41314995    
  -1.58291101    
  -1.43169701    
  -1.33887196    
  -1.54594302    
  -1.36832404    
  -1.51585197    
  -1.31717396    
  -1.44078898    
  -1.50838995    
  -1.61036503    
  -1.76665199    
  -2.37311506    
  -2.25123310    
  -2.32375598    
  -2.24769211    
  -2.36670995    
  -2.29323697    
  -2.23675394    
  -1.51599503    
  -1.42845201    
  -1.30359101    
  -1.75511098    
  -1.63526404    
  -1.72656095    
  -1.66482103    
  -1.58610702    
  -1.63435602    
  -1.45567596    
  -1.77851200    
  -1.66203904    
  -1.95231199    
  -1.35046601    
  -1.66993201    
  -1.42941499    
  -1.05964804    
  -1.44869196    
  -1.21631801    
  -1.41498601    
  -1.38856900    
  -1.45444703    
  -1.37512696    
  -1.46600902    
  -1.42650795    
  -1.26232100    
  -1.33278203    
  -1.28481698    
  -1.17649996    
  -1.22939503    
  -1.35084701    
  -1.39427102    
  -1.40056002    
  -1.47358799    
  -1.51967001    
  -1.47225702    
  -1.51019299    
  -1.41858697    
  -1.10537505    
  -1.18461704    
 -0.807637691    
  -1.32737005    
  -1.32145000    
  -1.43788898    
  -1.28360105    
  -1.14146101    
  -1.28808796    
 -0.773382902    
  -1.74287903    
  -1.37958300    
  -1.16461802    
  -1.32744801    
  -1.28097796    
  -1.30191505    
  -1.23838496    
  -1.18294203    
  -1.10011697    
 -0.777155817    
 -0.587011516    
 -0.541728675    
 -0.685809076    
 -0.645063579    
 -0.612221122    
 -0.465211213    
 -0.608226717    
 -0.412263900    
  -1.32421601    
  -1.65197206    
  -1.44358897    
  -1.18485498    
  -1.00365102    
  -1.37582195    
  -1.15787005    
  -1.34294498    
  -1.35008800    
  -1.35513604    
  -1.18295097    
 -0.944958329    
  -1.34106302    
  -1.14713204    
  -1.51743305    
  -1.31193697    
  -1.58665001    
  -1.31411195    
  -1.32047296    
  -1.26388502    
  -1.22508395    
  -1.30972302    
  -1.16503298    
  -1.74841905    
  -1.36666095    
  -1.13246202    
  -1.19303405    
  -1.18097401    
  -1.35760701    
  -1.84146202    
  -1.08637905    
  -1.14141905    
  -1.11714602    
  -1.30976999    
 -0.984323323    
  -1.48656595    
  -1.28472400    
  -1.31579304    
  -1.19564295    
  -1.50953698    
  -1.54518902    
  -1.23065400    
  -1.16676295    
  -1.08002400    
 -0.775364220    
 -0.281281203    
   4.64935005E-02
  -7.18752295E-02
 -0.113440000    
 -0.133964896    
 -0.886531711    
 -0.843237698    
 -0.815793276    
  -1.24517596    
  -1.23800695    
  -1.26153302    
  -1.04389203    
  -1.44610500    
  -1.63908601    
  -1.30846298    
  -1.27995205    
  -1.35975206    
  -1.34431100    
  -1.10278201    
  -1.05764401    
  -1.21146405    
  -1.09534204    
  -1.00423396    
  -1.28958297    
  -1.27652001    
 -0.992824912    
 -0.545291185    
 -0.902558386    
 -0.315486997    
  -1.33128202    
  -1.24264801    
  -1.21453702    
  -1.54077899    
  -1.21525502    
  -1.29844499    
 -0.780699611    
  -1.14493299    
  -1.01371706    
  -1.28409803    
  -1.28880095    
  -1.03580403    
  -1.19962800    
  -1.20408404    
 -0.884423077    
 -0.844426274    
 -0.705116928    
  -1.27545094    
  -1.20270300    
  -1.08246601    
  -1.42440104    
  -1.40830898    
  -1.30916202    
  -1.14016604    
  -1.18813002    
  -1.18903196    
  -1.39042997    
  -1.36405897    
  -1.16686201    
  -1.39527595    
  -1.09081101    
  -1.45984900    
  -1.42706501    
  -1.54433095    
  -1.50679505    
  -1.08604705    
  -1.44970500    
  -1.42222297    
  -1.26638305    
  -1.03006804    
  -1.41842794    
  -1.45404994    
  -1.40730500    
  -1.40013802    
  -1.24859297    
  -1.09980500    
  -1.56677997    
  -1.38702404    
  -1.32019997    
  -1.30231595    
  -1.17466104    
 -0.903653920    
  -1.56970799    
  -1.43435895    
  -2.52300000    
 -0.755988181    
 -0.992682517    
  -1.53733599    
  -1.36054504    
  -1.21595597    
 -0.387214988    
 -0.940463185    
 -0.993354201    
  -1.47452199    
  -1.28952205    
 -0.876778483    
 -0.769596815    
  -1.05467105    
  -1.30466604    
  -1.36752403    
  -1.13727701    
  -1.40401304    
  -1.40840602    
  -1.44227397    
  -1.17124104    
  -1.54536903    
  -1.32282400    
  -1.50913894    
  -1.46134198    
  -1.35694003    
  -1.67541397    
  -1.10641098    
  -1.13021100    
  -1.24902701    
 -0.985388100    
 -0.834617674    
  -1.36782396    
  -1.25760996    
  -1.18943095    
 -0.474687189    
  -1.46065104    
  -1.19415700    
  -1.19158101    
  -1.29698801    
  -1.25911295    
  -1.00322998    
  -1.11510599    
  -1.27765203    
  -1.55985296    
  -1.53937900    
  -1.45032501    
  -1.69748294    
  -1.21361196    
  -3.12798309    
  -2.98846412    
  -2.80676389    
  -1.50771403    
  -1.36880100    
  -1.69111097    
  -2.01340508    
  -1.64112198    
  -1.28533602    
  -1.27087796    
  -1.55110300    
  -1.40138304    
  -1.38892198    
  -1.17080104    
  -1.49048805    
  -1.18012202    
  -1.14349306    
  -1.16038001    
  -1.29362404    
  -1.21988106    
  -1.31010103    
  -1.38334799    
  -1.35955095    
  -1.39456904    
  -1.29476905    
  -1.22846198    
  -1.26082504    
  -1.27609098    
  -1.40813804    
  -1.43460798    
  -1.39152598    
 -0.342189997    
  -1.30944204    
  -1.43176103    
  -1.65870297    
  -1.30606699    
 -0.116478503    
  -1.38220894    
  -1.60173094    
  -1.52157903    
  -1.40418005    
  -1.32329297    
  -1.43769503    
  -1.45782101    
  -1.56638801    
  -1.63409197    
  -2.60443592    
  -1.68249798    
  -1.44851601    
  -1.48045301    
  -1.39754605    
  -1.02171195    
  -1.03251898    
  -1.30244696    
  -1.48657894    
  -1.23722005    
  -1.24048305    
  -1.26181102    
  -1.28734100    
  -1.22584999    
  -1.18628800    
  -1.33961904    
  -1.33398700    
  -1.28003001    
  -1.06648195    
  -1.60662699    
  -1.53327799    
  -1.51557302    
  -1.24643302    
  -1.22447395    
  -1.48204505    
  -1.48983097    
  -1.26870501    
  -1.40610802    
  -1.34249997    
  -1.29764199    
  -1.26894200    
  -1.32895195    
  -1.76707995    
  -1.69235098    
  -1.67764103    
  -1.65317094    
  -1.54769897    
  -1.31770897    
  -1.39958596    
  -1.42431402    
  -1.46946204    
  -1.51792204    
  -1.43205404    
  -1.13502896    
  -1.54706502    
  -1.28957105    
  -1.25185800    
  -1.17638695    
  -1.44290495    
  -1.31421900    
  -9.99899960    
  -1.35544097    
  -1.35415900    
  -1.30088902    
  -1.09270406    
  -1.32893598    
  -1.21281803    
  -1.13168502    
  -1.06861806    
  -1.23138499    
  -1.57027996    
  -1.58791399    
  -1.52474105    
  -1.21129096    
  -1.57232904    
  -1.22793305    
  -1.31098199    
  -1.39586496    
  -1.26016796    
 -0.995869994    
  -1.77099705    
  -1.35090005    
  -1.06056595    
  -1.35562396    
  -1.32323897    
  -1.97284997    
  -1.59120595    
  -1.32112598    
  -1.08310103    
  -1.29151201    
 -0.790482581    
 -0.660640419    
  -1.77119994    
  -1.57372999    
  -1.56999004    
  -1.29792500    
  -1.33417296    
  -1.48912394    
  -1.72717595    
  -1.08848703    
  -1.81456196    
  -1.23209798    
 -0.974026680    
 -0.760847211    
  -1.13582206    
  -1.19482195    
  -1.95270300    
  -1.89731300    
  -2.11322188    
  -1.59985101    
 -0.911809802    
  -1.14963400    
  -1.24290299    
  -1.10953605    
  -1.00342202    
 -0.532723427    
  -1.41334295    
  -1.67786300    
  -1.63367295    
  -1.33581495    
  -1.16937900    
  -1.56992602    
  -1.33179700    
  -1.60896301    
  -1.64141905    
  -1.60128701    
  -1.44564700    
  -1.14675498    
  -1.32926595    
  -1.27430499    
  -1.28026795    
  -1.21192896    
  -1.10937500    
  -1.23731399    
 -0.860273480    
  -1.83850002    
 -0.994066119    
  -1.46841300    
  -1.30137002    
  -1.07618797    
  -1.27393699    
  -1.48897302    
  -1.36483300    
  -1.45755100    
  -1.32098103    
  -1.26349902    
  -1.57903004    
  -1.37076902    
  -1.60515702    
 -0.651861012    
 -0.763960421    
 -0.693676412    
  -1.28172004    
  -1.23547602    
 -0.984979987    
 -0.871176600    
  -1.35554600    
  -1.06315506    
  -1.06014597    
 -0.798995674    
  -1.45205104    
  -1.36733103    
 -0.866876423    
 -0.575200021    
 -0.988729417    
  -1.35913801    
  -1.40220702    
  -1.41022396    
  -1.37125695    
  -1.23384202    
  -1.43923295    
  -1.16151500    
  -1.02930403    
  -1.81773102    
  -1.40734005    
  -1.87504005    
  -1.65241897    
  -1.41713905    
  -1.20994103    
 -0.941780090    
  -1.30820203    
  -1.37878501    
  -1.88491905    
  -1.44498801    
  -1.28128505    
  -1.09632301    
  -1.30438995    
  -1.19407701    
  -2.14008808    
  -1.62637997    
  -1.16013706    
  -1.62471294    
  -1.80544305    
  -1.28608596    
  -1.39034200    
  -1.30313301    
  -1.63714600    
  -1.03803396    
  -1.14567494    
  -1.25917101    
  -1.82859802    
  -1.21477604    
  -1.25087595    
 -0.897773981    
 -0.787588477    
 -0.707269073    
  -2.05440688    
  -1.47136903    
  -1.51438296    
  -1.54639196    
  -1.49866998    
  -1.30966496    
  -1.71664298    
  -1.68550205    
  -1.42325199    
  -1.28650904    
  -1.12267494    
  -1.29807198    
  -1.71218002    
  -1.55837703    
  -1.52511895    
  -1.33401704    
  -1.37707496    
  -1.32404602    
  -1.25989199    
  -1.17177498    
  -1.30041301    
  -1.50902700    
  -1.46541297    
  -1.47303200    
  -1.21074200    
  -1.05722904    
  -1.02018797    
  -1.52353406    
  -1.32238996    
  -1.45655000    
  -1.39771104    
  -1.35103405    
  -1.54227996    
  -1.51064003    
  -1.38874602    
  -1.50535095    
  -1.43137801    
  -1.86092997    
  -1.43587697    
  -1.35495496    
  -1.32679701    
  -1.46059704    
  -1.41290104    
  -1.47686005    
  -1.43410695    
  -1.43954599    
  -1.30046499    
  -1.52620995    
  -1.65938795    
  -1.55723000    
  -1.42515397    
  -1.43134797    
  -1.76750505    
  -1.41820502    
  -1.52274501    
  -1.32667303    
  -1.57249999    
  -1.54766595    
  -1.43120801    
  -1.56409502    
  -1.42251098    
  -1.32797205    
  -1.39477706    
  -1.50648606    
  -1.10653603    
  -1.40970099    
  -1.42254698    
  -1.32132602    
  -1.38480794    
  -1.47864604    
  -1.44192600    
  -1.99711704    
  -1.52070105    
  -1.37996495    
  -1.49677300    
  -1.46424198    
  -1.38418603    
  -1.34549105    
  -1.36564195    
  -1.31510901    
  -2.03350496    
  -1.51768100    
  -1.19443095    
 -0.989325821    
 -0.732295275    
  -1.78868306    
  -1.96163702    
  -1.63811898    
  -1.00430703    
 -0.789972186    
  -1.56986594    
  -1.00045598    
  -1.25144100    
  -1.07697201    
  -1.08403802    
  -1.00071800    
  -1.16214502    
  -1.38224101    
  -1.49453795    
  -1.74439502    
  -1.67663705    
  -1.28506196    
  -1.28327096    
  -1.39070499    
  -1.67908204    
  -1.35447204    
  -1.17650199    
  -1.47944605    
  -1.15815496    
 -0.998014271    
 -0.812767982    
 -0.871729314    
  -1.46750402    
 -0.856796026    
  -1.68863106    
  -1.60946798    
  -1.72055602    
  -1.29560006    
 -0.874148726    
  -1.97659600    
  -1.64200997    
  -1.34581804    
  -1.32875395    
  -1.52386105    
  -1.61398304    
  -1.44411695    
  -1.36635602    
  -1.23944199    
  -1.20942497    
  -1.83787501    
  -1.68801498    
  -1.29377401    
  -1.12811196    
  -1.11104202    
  -1.67884099    
  -1.31979001    
  -1.22300601    
  -1.30866301    
  -1.43894506    
  -1.29183304    
  -1.64964104    
  -1.63223004    
  -1.35494494    
  -1.32366002    
 -0.969088793    
  -1.27308202    
  -1.80419302    
  -1.44295096    
  -1.38707101    
  -1.51988995    
  -1.56824994    
  -1.34136403    
  -1.43466604    
  -1.77888095    
  -1.29293203    
 -0.860268891    
  -1.51733398    
  -1.44086397    
  -1.43175006    
  -1.02501500    
  -1.03324699    
  -1.52485800    
  -1.12593901    
  -1.93380296    
  -1.91544497    
  -1.54003203    
  -1.30769396    
  -2.21550798    
  -1.20135498    
  -1.32438004    
  -1.26086295    
  -1.07474506    
  -1.42934704    
  -1.65056002    
  -1.38416100    
  -1.28893399    
 -0.991435230    
  -1.45749700    
  -1.24855804    
  -1.24951601    
  -1.07883000    
  -1.50434697    
  -1.34213102    
  -1.03826499    
  -1.25069594    
  -1.49247503    
  -1.36860597    
  -1.04671800    
  -1.00092995    
  -1.52706301    
  -1.13841295    
 -0.887392223    
  -1.40583801    
  -1.39924300    
  -1.06384301    
 -0.944774806    
  -1.44892001    
  -1.60862398    
  -1.13231397    
  -1.63929999    
  -1.55898595    
  -1.12575603    
  -1.45564306    
  -1.49955904    
  -1.54624200    
  -1.17610002    
  -1.56911099    
  -1.22283494    
  -1.27988398    
 -0.711250424    
  -1.53426600    
  -1.26356196    
 -0.975043714    
  -1.48096299    
  -1.25173795    
  -1.32464600    
  -1.31986701    
  -1.48420095    
  -1.50236201    
  -1.75818598    
  -1.86275804    
  -1.67726505    
  -1.77147603    
  -1.64839900    
  -1.41944396    
  -1.30874097    
  -1.57491601    
  -1.42106402    
  -1.52175498    
  -1.20275497    
  -1.27019298    
  -1.24246001    
  -1.27341402    
  -1.17847896    
  -1.43651700    
  -1.27433300    
  -1.52743196    
  -1.56468904    
  -1.55600798    
  -1.59825301    
  -1.45232403    
  -1.52995503    
  -1.52484703    
  -1.66730404    
  -1.32573903    
  -1.64429200    
  -1.68216503    
  -1.51755905    
  -1.70012701    
  -1.64002299    
  -1.53922999    
  -1.26183403    
  -1.49274898    
  -1.69722998    
  -1.56626701    
  -1.43627906    
  -1.55523801    
  -1.92496705    
  -1.68404198    
  -1.47695005    
  -1.34388900    
  -1.26128304    
  -1.27799106    
  -1.08930600    
  -1.22188401    
 -0.982903481    
  -1.67003906    
  -1.41578102    
  -1.34951997    
  -2.00626302    
  -1.76505494    
  -1.68593097    
  -1.58145297    
  -1.62424099    
  -1.60199904    
  -1.44722998    
  -1.17282796    
 -0.929958522    
  -1.63859296    
  -1.50206399    
  -1.48158097    
  -1.26291800    
  -1.25373602    
  -1.27871299    
  -1.40226197    
  -1.56777704    
  -1.37460601    
  -1.33135498    
  -1.32804894    
  -2.11785793    
  -1.82474899    
  -1.16946602    
  -1.58797598    
  -1.68601596    
  -1.64526796    
  -1.65195203    
  -1.38084102    
  -1.55331302    
  -1.48455405    
  -1.44642305    
  -1.34134603    
  -1.34031796    
  -1.64080095    
  -1.66987300    
  -1.63513505    
  -1.58990502    
  -1.40306306    
  -1.36835504    
  -1.28738999    
  -1.10371399    
  -1.48063803    
  -1.96853900    
  -1.82703602    
  -1.55067098    
  -1.50685406    
  -1.39377904    
  -1.36572695    
  -1.61260903    
  -1.42585504    
  -1.77569699    
  -1.71719098    
  -1.49109697    
  -1.62575197    
  -1.62507105    
  -1.46934903    
  -1.36935699    
  -1.35854805    
  -1.17843604    
  -1.56022596    
  -1.51587498    
  -1.20500004    
  -1.22540903    
 -0.928064823    
  -1.21361601    
 -0.960044682    
  -2.53590107    
  -1.28502798    
  -1.29757500    
  -1.60846400    
  -1.61544096    
  -1.58242202    
  -1.30462301    
  -1.42661798    
  -1.20799506    
  -1.79764402    
  -1.73241997    
  -1.59235001    
  -1.65323198    
  -1.31669796    
  -1.34654796    
  -1.26970899    
  -1.26145399    
  -1.38824403    
  -1.42172503    
  -1.50178301    
  -1.94761503    
  -2.04876709    
  -1.62676799    
  -1.18520498    
 -0.989324272    
  -1.37452698    
  -1.28531504    
  -2.00578594    
  -2.15094900    
  -1.88093698    
  -1.59402597    
  -1.43487203    
  -1.28266799    
  -1.05172396    
  -1.22892296    
  -1.78957295    
  -1.40680897    
  -1.03553104    
  -1.41391098    
  -1.37768996    
  -1.71017694    
  -1.23773098    
  -1.13500702    
  -1.45055699    
  -1.17160404    
  -1.36248505    
  -1.27681196    
  -1.29643798    
 -0.656872571    
  -1.97745395    
  -1.48438895    
  -1.22684598    
  -1.15510297    
 -0.910335779    
 -0.744392574    
 -0.621865809    
 -0.769609213    
  -1.71476197    
  -1.01348698    
 -0.544528484    
