     30774
     30754
     29314
     23704
     20088
     18082
     28226
     28308
     26324
     22086
     19032
     20006
     30888
     30818
     28770
     29892
     26706
     26308
     26244
     23108
     24274
     18996
     27714
     28180
     24070
     22728
     20150
     20120
     31350
     30770
     31352
     31286
     31922
     28178
     24226
     20514
     21556
     16552
     28306
     30214
     22632
     21542
     20052
     19122
     18008
     31240
     23624
     20550
     20616
     18950
     18484
     19652
     30216
     19538
     18600
     30802
     20520
     21618
     17570
     30900
     28742
     27666
     26200
     26806
     26804
     26802
     19494
     20002
     19992
     25624
     22038
     20674
     20072
     18568
     19650
     31252
     29794
     30420
     22550
     30902
     30326
     29828
     26708
     28214
     25272
     27652
     26822
     27332
     23640
     20612
     18610
     19666
     17602
     31394
     29736
     20038
     29250
     29208
     24582
     18498
     18562
     29730
     29332
     22680
     23684
     31400
     25204
     25122
     25108
     24770
     30418
     31890
     26194
     17012
     22168
     31428
     28294
     24696
     23126
     22070
     20166
     31778
     32276
     19094
     23112
     19490
     31912
     26660
     21512
     16584
     24264
     22072
     27320
     20632
     21174
     20178
     30806
     30758
     27234
     25096
     23602
     19620
     31768
     29320
     21574
     20116
     31878
     32404
     28372
     23094
     23656
     24146
     24118
     24262
     26246
     31348
     28772
     29192
     22562
     23670
     24130
     22674
     24246
     18114
     30756
     30274
     28276
     24788
     23556
     22664
     24276
     24260
     25666
     23206
     16404
     18036
     16530
     18084
     30772
     31442
     29862
     27698
     25732
     23746
     24212
     18470
     27204
     31860
     23608
     21606
     19522
     22100
     30914
     26296
     24214
     31332
     31828
     29784
     23158
     22706
     19990
     19076
     28184
     26756
     18584
     28228
     23238
     27286
     21716
     19608
     17592
     25124
     30726
     31368
     31926
     26774
     26210
     18980
     18968
     19988
     19592
     29718
     30306
     27172
     22056
     29778
     24694
     25288
     22578
     20104
     17554
     31410
     28758
     29266
     23592
     17986
     31302
     22676
     17944
     17096
     25172
     25298
     22630
     23160
     20614
     31780
     18472
     16500
     16594
     27222
     24150
     16504
     28834
     28358
     20646
     17108
     29256
     24584
     25202
     25736
     30724
     30358
     26662
     22182
     32390
     28804
     29826
     27254
     21048
     17074
     30866
     24084
     21608
     21638
     31272
     25110
     23218
     31864
     29346
     16470
     31432
     28722
     28164
     24708
     24098
     20114
     29188
     23560
     20502
     20056
     17016
     27748
     24630
     17620
     30882
     31940
     29220
     28788
     27140
     27700
     25638
     19544
     28292
     28678
     29224
     29816
     18998
     29864
     27734
     25798
     23672
     18040
     30822
     30776
     27688
     22534
     21190
     19110
     20118
     16568
     32388
     26754
     24774
     20546
     19478
     30824
     28694
     27240
     25716
     23606
     21684
     17970
     29238
     29334
     25682
     21590
     20998
     16582
     28216
     25220
     30808
     28738
     31798
     31416
     31396
     28354
     25208
     26136
     24152
     16534
     30856
     23716
     21572
     17092
     29268
     23122
     22722
     17442
     17604
     31268
     32456
     30264
     23144
     22214
     16520
     31300
     32290
     26834
     24758
     22610
     24210
     18982
     16406
     27250
     23224
     21540
     22040
     19974
     17078
     27288
     24134
     26722
     27298
     25782
     26310
     31826
     29874
     27830
     25218
     23586
     21508
     27704
     26786
     31362
     31954
     25234
     22198
     22152
     28244
     23714
     26182
     18098
     28676
     26728
     31910
     25608
     22566
     20070
     17928
     29218
     21080
     18948
     18072
     28712
     26632
     28230
     27812
     23174
     20134
     31238
     28260
     25766
     27176
     23734
     22136
     17042
     29284
     32392
     27272
     20040
     18626
     26676
     25186
     26180
     22568
     19556
     19138
     25128
     19080
     28744
     28280
     18516
     17476
     28690
     24722
     18632
     28324
     21624
     22146
     18486
     30408
     21636
     18578
     16978
     17416
     23110
     23730
     23686
     16962
     18100
     24760
     21092
     22066
     21668
     18504
     27814
     16420
     31784
     24680
     25768
     22648
     31938
     26278
     22724
     28194
     26770
     19668
     16422
     26808
     24258
     21588
     22180
     18580
     17094
     22178
     31762
     29286
     27224
     20022
     25784
     22712
     17432
     22678
     20548
     31782
     25254
     28356
     18548
     22646
     26274
     21604
     19560
     24194
     29236
     20484
     29364
     25670
     24100
     23222
     31330
     31444
     29206
     30308
     27828
     25652
     21042
     25176
     17414
     28328
     24660
     29906
     22644
     16468
     24692
     21170
     24744
     21510
     28322
     22054
     22594
     27238
     26836
     24706
     28212
     26760
     20566
     28710
     17430
     29752
     26276
     23080
     24168
     20562
     20004
     18104
     30834
     25794
     24248
     29316
     26696
     25188
     24786
     24690
     22546
     23638
     20180
     25240
     23682
     22726
     16578
     24662
     28824
     32370
     32436
     23236
     22132
     18644
     28706
     25238
     25778
     21634
     31254
     26164
     30886
     22582
     29366
     26742
     23576
     22692
     32454
     25780
     20500
     19092
     20164
     17106
     17942
     32328
     30932
     22584
     31858
     25138
     26118
     25810
     19464
     26642
     21528
     29302
     27304
     24086
     24664
     21076
     31236
     21158
     29240
     23092
     19026
     31270
     29396
     23702
     19492
     29782
     32440
     20020
     18038
     31814
     24600
     23138
     20036
     31382
     29252
     27170
     31944
     21544
     28198
     24616
     21078
     30760
     28182
     21620
     17988
     17076
     22164
     30820
     23698
     31906
     29766
     24646
     26262
     23076
     22658
     29878
     22134
     31876
     26116
     26306
     16514
     22184
     28708
     20644
     23752
     19656
     25170
     29780
     23188
     17558
     32354
     28278
     16392
     31284
     23202
     17608
     29714
     31426
     29746
     30232
     25714
     31430
     17574
     29732
     27778
     26152
     23060
     23208
     28232
     19476
     23096
     24116
     21640
     29700
     25106
     18456
     16486
     30226
     26744
     26198
     22596
     18002
     24166
     28248
     23234
     31766
     28818
     30340
     20018
     17938
     26646
     16484
     17956
     23240
     21142
     24754
     16436
     26674
     19590
     25140
     20582
     26280
     26648
     23574
     24136
     27188
     26788
     23688
     17976
     21172
     24216
     17960
     18628
     17974
     19480
     20068
     17940
     30872
     29876
     27654
     29798
     27672
     16996
     31880
     23044
     23666
     30280
     26824
     19106
     26740
     23154
     32466
     22612
     23588
     31256
     29348
     29336
     22740
     19558
     29330
     27848
     24776
     20536
     22034
     26712
     27348
     25266
     22628
     16388
     30388
     27670
     16936
     25094
     19016
     30868
     24102
     28196
     20580
     30740
     30230
     27656
     29800
     27156
     25704
     18984
     17954
     29768
     24626
     25604
     26772
     28852
     17958
     23220
     29848
     23764
     23140
     27846
     24072
     18550
     26132
     23590
     20680
     27782
     25748
     18964
     31816
     21096
     31942
     31908
     28792
     28790
     26146
     26290
     27860
     24644
     26216
     25282
     22102
     27192
     23252
     18052
     25622
     26162
     21138
     27144
     23620
     31298
     30310
     19640
     31928
     23604
     21108
     31832
     28360
     25620
     18536
     22022
     30786
     22104
     29812
     27190
     26148
     25250
     32308
     29748
     23634
     21702
     20584
     29908
     24676
     22024
     17618
     29382
     26134
     29704
     22082
     19078
     26694
     26214
     26292
     19074
     19654
     30328
     30258
     19108
     30744
     28872
     25764
     18024
     16488
     20102
     17576
     26230
     17926
     30322
     24182
     19506
     20146
     22194
     28326
     28776
     25700
     16580
     23124
     28728
     18022
     20648
     30738
     25762
     26150
     25270
     16434
     17606
     31304
     16502
     29318
     21192
     21160
     22710
     16950
     20066
     28312
     31844
     19028
     18050
     27236
     25142
     25286
     24178
     32468
     21204
     16450
     16900
     25618
     21554
     22196
     19142
     18006
     25750
     26690
     25606
     20504
     24120
     24710
     25800
     16952
     17542
     29288
     23570
     16498
     16984
     29842
     25634
     22114
     31364
     20642
     24082
     24596
     22036
     28760
     23170
     21570
     22210
     23250
     24728
     22116
     25636
     24726
     21060
     21522
     29352
     28258
     17490
     19044
     17972
     17924
     28726
     21000
     28210
     22708
     19638
     17524
     30324
     30372
     25160
     30884
     29702
     30804
     22118
     22068
     28838
     24632
     22642
     21650
     18438
     20552
     26738
     29368
     31320
     27302
     32280
     22088
     25650
     18546
     18004
     23172
     22660
     31288
     31378
     23750
     31830
     25174
     28884
     16920
     30292
     32406
     29762
     31752
     26628
     27174
     26758
     23176
     18066
     26232
     16408
     25654
     26212
     17446
     16536
     22616
     26692
     19014
     27796
     31748
     26820
     31796
     21576
     19000
     21526
     23654
     30870
     28696
     24132
     19986
     22564
     22580
     16482
     17090
     18132
     20054
     31892
     20690
     27316
     17992
     30312
     27736
     24580
     22690
     30260
     18118
     23732
     18566
     25746
     16946
     31924
     31250
     27784
     27202
     27826
     18598
     16904
     18068
     31800
     32292
     28290
     25158
     25222
     18564
     20132
     21028
     22150
     32310
     24164
     19154
     17428
     22548
     20660
     18130
     30742
     23668
     19570
     17046
     30262
     24628
     24196
     18530
     20168
     30402
     18582
     27752
     19462
     20082
     20152
     31414
     24742
     24228
     27746
     21586
     29734
     23762
     31848
     28882
     19062
     30278
     24612
     18962
     24104
     19030
     17496
     18978
     26184
     31346
     30728
     30242
     27702
     21030
     32338
     28820
     26792
     28342
     26226
     32424
     27764
     23618
     19602
     19528
     27334
     23142
     16918
     28340
     32386
     24594
     32322
     23204
     20518
     17058
     31846
     20610
     18612
     20148
     28802
     24772
     30790
     28680
     26630
     28310
     24242
     21122
     32422
     26818
     27858
     20488
     29282
     22738
     20600
     19124
     24198
     18488
     32340
     27682
     20530
     16980
     28242
     23718
     19048
     16902
     18018
     29350
     25672
     28774
     24200
     32450
     21016
     30376
     21592
     16914
     27686
     25684
     20532
     19524
     27766
     19474
     29896
     25236
     31894
     31282
     29814
     28262
     20486
     28274
     18120
     20692
     24658
     28264
     19510
     20100
     27730
     25144
     24114
     19156
     16964
     17448
     21704
     26312
     23058
     21176
     23186
     23090
     19542
     20568
     28754
     27844
     27154
     19508
     20664
     17560
     30342
     31896
     29716
     17506
     28756
     31956
     32356
     32374
     27750
     26196
     20630
     31334
     21106
     21126
     17064
     16518
     30386
     27720
     22212
     16402
     17990
     30930
     25668
     31318
     22536
     27300
     22532
     29860
     20626
     31750
     20516
     23650
     31316
     30392
     20678
     24148
     20008
     32372
     27208
     17080
     21202
     21032
     21714
     25688
     25256
     16564
     26322
     21524
     19634
     18500
     19622
     17572
     20628
     32418
     22050
     25156
     22662
     24614
     28836
     28806
     21046
     30850
     24180
     30918
     16566
     25640
     25268
     23636
     25718
     26178
     17030
     28166
     23748
     16532
     17586
     28786
     20050
     28808
     25300
     21682
     26724
     17522
     32326
     25698
     18502
     26166
     16998
     32342
     30290
     16966
     17588
     31380
     26264
     20662
     20034
     32296
     18056
     30840
     28856
     16454
     18054
     23064
     30792
     21622
     25224
     16948
     23572
     19540
     24648
     23190
     29384
     26294
     31336
     30356
     21112
     30354
     18436
     21538
     19554
     24232
     29298
     21144
     31412
     23106
     21154
     29832
     27270
     19572
     32278
     29894
     30296
     26680
     17460
     27798
     22216
     23622
     30248
     24598
     25284
     25192
     24740
     25092
     21558
     19604
     22614
     16550
     29254
     31874
     19574
     18552
     32294
     27780
     19060
     31810
     27158
     18440
     17544
     25796
     21090
     24068
     31398
     20498
     19046
     16934
     26260
     21128
     24162
     19140
     16472
     17528
     17508
     29272
     26710
     25154
     20598
     25686
     23078
     26664
     20658
     18482
     20594
     29750
     22120
     17048
     32420
     18088
     28870
     18454
     26644
     30360
     18518
     30344
     27762
     23062
     18594
     29796
     29890
     29380
     16596
     16418
     32260
     17526
     23652
     18630
     19460
     30244
     18994
     18466
     20130
     21058
     18614
     31366
     21186
     27716
     28168
     22130
     20596
     18642
     31794
     25112
     16516
     31384
     27732
     16456
     18514
     29234
     19112
     22166
     28740
     29880
     22098
     22600
     27800
     28840
     19058
     17494
     22162
     19090
     21062
     18520
     32408
     26248
     21652
     24724
     20996
     28200
     31812
     17412
     20578
     25206
     23700
     16452
     16562
     27816
     24184
     22148
     20564
     30374
     18534
     27668
     26258
     20024
     32274
     28854
     18102
     32452
     19526
     21654
     30852
     21666
     17474
     16424
     17464
     29204
     21124
     26790
     25656
     26678
     32358
     27282
     30788
     29720
     18616
     27266
     27160
     16982
     29844
     23074
     28866
     23558
     17540
     24712
     20676
     17028
     32312
     31862
     24738
     29394
     17492
     32264
     32376
     27794
     24756
     27768
     18116
     29202
     18034
     18596
     32306
     28724
     19624
     19576
     26168
     22084
     22226
     30406
     27330
     29362
     27268
     19064
     20098
     17426
     30898
     25126
     28822
     19588
     23128
     19144
     26242
     25812
     24610
     22696
     30338
     22598
     23720
     27842
     17512
     29810
     27336
     23048
     21560
     18966
     30370
     28370
     27142
     32402
     28344
     25752
     19496
     23046
     17480
     30404
     18452
     30212
     23156
     32262
     24244
     30246
     19606
     24678
     31764
     21026
     30390
     16548
     21074
     18450
     19042
     27218
     29830
     19512
     25734
     19012
     21686
     30854
     24230
     30920
     27252
     29300
     31314
     32438
     19586
     18020
     20086
     17478
     20162
     24088
     27684
     17444
     21140
     27284
     18952
     18086
     17026
     23192
     24674
     16994
     30904
     28246
     18532
     18070
     25190
     27346
     25702
     29222
     19972
     22626
     17590
     20534
     25252
     32344
     17060
     28296
     29764
     21094
     24642
     22200
     17000
     16440
     22694
     21014
     17462
     27810
     21044
     21010
     19010
     21156
     16466
     21656
     26776
     17538
     21688
     16438
     21602
     16390
     18468
     28338
     26658
     27318
     19976
     25720
     17014
     19126
     26130
     29378
     27220
     28692
     30276
     27718
     30916
     19636
     16968
     22228
     19618
     29304
     29846
     32324
     30294
     16932
     27206
     32434
     17510
     27314
     29190
     21064
     17556
     17010
     16930
     28850
     16916
     19096
     29858
     26120
     26726
     27186
     20136
     27832
     21698
     21672
     26228
     22020
     21012
     25730
     28868
     22052
     31842
     20084
     30836
     17032
     30838
     21188
     29270
     27256
     17062
     23736
     30228
     16546
     21700
     21670
     19128
     31266
     21110
     22552
     17044
     17458
