     29740
     23772
     29340
     23740
     17084
     29228
     31820
     27756
     24764
     31308
     17932
     30236
     20556
     17036
     31420
     23580
     18620
     27340
     32412
     22572
     29820
     23260
     30844
     28364
     23596
     25308
     25164
     21532
     29324
     29772
     25148
     18460
     17580
     26300
     29372
     22732
     24204
     26236
     24700
     28220
     18556
     31260
     31900
     30748
     31804
     27356
     24604
     22204
     28236
     22076
     24076
     23660
     31756
     26652
     26748
     32428
     29196
     28732
     26796
     29404
     30780
     18476
     18588
     22620
     26636
     25228
     23628
     30876
     23692
     16940
     29308
     24732
     20492
     23724
     20012
     28860
     30268
     19484
     32300
     25100
     28268
     30252
     20524
     31932
     31788
     31372
     28172
     29916
     18604
     28300
     20076
     30732
     16572
     32364
     17548
     32284
     22652
     24188
     30764
     30828
     23212
     19564
     25644
     27212
     30860
     20604
     17612
     23564
     16604
     24172
     27292
     19084
     24268
     18012
     26668
     18092
     22188
     28188
     22604
     30316
     29212
     19548
     19500
     26252
     18956
     19532
     25132
     22700
     18508
     20668
     22636
     22156
     20636
     18540
     19100
     23244
     27228
     32476
     26844
     23148
     23676
     17596
     20508
     17996
     25820
     29868
     20572
     16588
     18076
     28892
     23644
     18572
     30300
     28252
     29900
     17420
     19036
     18108
     23612
     30892
     31868
     16428
     31916
     27660
     23164
     26220
     29836
     19468
     20620
     17516
     21132
     30348
     25772
     24780
     17500
     27788
     20108
     22668
     18636
     31276
     24252
     24124
     22044
     29884
     21564
     25788
     23084
     27276
     17564
     20028
     30332
     22108
     19996
     25628
     19116
     30796
     16972
     18524
     24620
     17980
     22124
     20044
     17452
     26716
     16396
     16908
     28796
     25212
     19612
     17052
     24652
     23228
     20172
     27196
     22748
     18988
     20156
     26268
     27708
     21628
     31388
     28284
     22588
     20700
     29756
     28332
     29388
     31292
     23116
     29260
     17468
     30428
     21020
     24092
     23132
     20652
     30940
     16988
     26812
     20060
     20684
     21004
     29708
     31852
     17532
     32348
     27148
     20540
     21708
     30412
     16412
     21516
     22140
     26828
     28828
     26332
     30380
     18444
     19020
     25292
     28780
     19516
     28348
     25724
     20140
     18028
     31948
     19660
     18492
     22028
     30812
     31436
     29356
     31884
     16524
     26140
     18060
     30220
     25260
     19148
     26732
     17964
     26700
     28844
     29244
     31836
     27724
     32444
     16556
     27852
     30908
     19676
     27804
     21596
     21052
     24636
     21180
     22172
     28764
     25612
     26764
     31404
     21676
     26684
     19068
     24716
     31244
     22540
     29292
     17020
     28684
     26316
     20588
     27820
     16924
     17004
     25740
     19052
     25804
     21644
     28716
     29276
     28748
     16476
     23180
     22236
     32460
     21068
     21100
     20092
     24668
     16444
     19980
     25708
     18972
     17628
     19004
     23100
     26156
     21580
     21548
     32332
     21196
     21084
     19164
     30924
     27772
     25692
     24220
     19628
     22556
     32380
     23052
     22684
     25180
     29788
     29852
     19596
     27164
     18044
     29804
     21212
     24284
     16540
     23068
     27692
     27180
     25276
     24796
     23708
     32268
     24156
     28876
     21164
     23196
     22220
     21660
     26172
     17436
     23756
     26124
     19132
     31772
     16508
     26780
     17068
     29724
     26204
     31356
     17948
     17116
     28204
     17100
     30284
     17484
     16460
     24588
     24140
     26188
     27324
     27868
     32396
     21036
     22716
     25116
     19644
     26284
     24236
     28316
     20188
     28380
     24684
     31324
     31340
     24748
     27676
     31964
     21116
     25676
     18124
     30396
     27740
     31452
     28700
     20124
     24108
     18652
     30364
     27244
     21724
     22060
     21612
     22092
     18140
     27836
     25196
     16956
     21692
     16492
     25660
     27308
     32316
     25756
     27260
