     31294
     30382
     25758
     19534
     30782
     25294
     30766
     28254
     18590
     32318
     17582
     25118
     25182
     24750
     26814
     26334
     29374
     24606
     32270
     18622
     23182
     27294
     19022
     21614
     31902
     24206
     28174
     27150
     17006
     17422
     26686
     22590
     31806
     18494
     26702
     17102
     22158
     24254
     20014
     25630
     25246
     22542
     20606
     22622
     27358
     23662
     26158
     31374
     21710
     30734
     25214
     32286
     23230
     24222
     21646
     19982
     30926
     29406
     19614
     18014
     21134
     24270
     22190
     17518
     17070
     20558
     31966
     26782
     28878
     25694
     27742
     22574
     23150
     20174
     16910
     23566
     24158
     22078
     26846
     21182
     19150
     20686
     21582
     25646
     29262
     18110
     28798
     17598
     24286
     28862
     27182
     17022
     29806
     29774
     19166
     23710
     17470
     29822
     29902
     17982
     18446
     19630
     28206
     19470
     24622
     30270
     28830
     17118
     30862
     29758
     19598
     22670
     29246
     29790
     20494
     21038
     20574
     25710
     28766
     25230
     22654
     23214
     20702
     18094
     23742
     21166
     20062
     31246
     21086
     16942
     19086
     20030
     21678
     31310
     28894
     24190
     25806
     25262
     26798
     18542
     20126
     16558
     30814
     19006
     19662
     16926
     25742
     18478
     27870
     30894
     31438
     16430
     27838
     25166
     21550
     22606
     31278
     31886
     22030
     28238
     31822
     24142
     18974
     18574
     19054
     16990
     24702
     23646
     19118
     21022
     21598
     19070
     29870
     31838
     22702
     20158
     30318
     26286
     20542
     31358
     30942
     21694
     16398
     17454
     29726
     27854
     29390
     26174
     23246
     27326
     30430
     29278
     24094
     20078
     31390
     19518
     24766
     21150
     29918
     23054
     27230
     22094
     24798
     20638
     24590
     28782
     23262
     21518
     22718
     22558
     28366
     26638
     32334
     29310
     22206
     25774
     32366
     23118
     17550
     19582
     24670
     26766
     20094
     32398
     22734
     27662
     16478
     26254
     28318
     20670
     21198
     24638
     22238
     18142
     28286
     18510
     16574
     17966
     25278
     27278
     28702
     19102
     17054
     20526
     27710
     26142
     22110
     18062
     25662
     23582
     29710
     32446
     31774
     26670
     31870
     26126
     26302
     17086
     29742
     27246
     26830
     22750
     31934
     22174
     28302
     28846
     24734
     25790
     27166
     23086
     17950
     31758
     26718
     16510
     26318
     18462
     20654
     16606
     21726
     30878
     20046
     18046
     28222
     26654
     24126
     24174
     32302
     29294
     17934
     19486
     21102
     26734
     18078
     30286
     29358
     20622
     25678
     30798
     29198
     19038
     18030
     18990
     23070
     16542
     18638
     30910
     21054
     19550
     17630
     26750
     32478
     21566
     26238
     32414
     28734
     23630
     19502
     32462
     18958
     16526
     30302
     24686
     26222
     23694
     23598
     22046
     31406
     17614
     27678
     25310
     24654
     31422
     21118
     27790
     28190
     30254
     20142
     23198
     27726
     30350
     18606
     22638
     17438
     21070
     23614
     18526
     20110
     28718
     30222
     22686
     27342
     20510
     28814
     25102
     23774
     18558
     25198
     22222
     28382
     29886
     24718
     23166
     30334
     23678
     32382
     16958
     24078
     17486
     18654
     17534
     32350
     17502
     16462
     25822
     30750
     23758
     21630
     29326
     21214
     27774
     28686
     30238
     24110
     24238
     22142
     21006
     31454
     27822
     29342
     25726
     26206
     17038
     27758
     27806
     31854
     30414
     16494
     26270
     19646
     29230
     22062
     16590
     21662
     31262
     23726
     17998
     31950
     31918
     30846
     19678
     26190
     27198
     29214
     29854
     27694
     30830
     23134
     16414
     18126
     27310
     16974
     23102
     25614
     28270
     17566
     30366
     28350
     25150
     32430
     19134
     28334
     21534
     30398
     20190
     31342
     19998
     16446
     31326
     27214
     20590
     25134
     27262
     24782
     29838
     22126
     19566
     31790
     28750
