      7986
      4212
      3254
      3846
      7400
      3192
      2178
      9442
      2194
      2212
      3318
      9922
      7762
      3684
      5192
      2276
      3844
      4228
      4326
      9844
      6402
      5830
      3656
      4402
      5266
      4900
      5286
      4888
      5314
      4344
      4354
      6408
      6324
      5844
      5846
      8244
      6472
      5746
      5748
      5720
      5730
      5732
      5682
      2150
      9880
      4210
      7874
      7892
      1668
      2646
      9908
      6900
      8802
      5686
      5702
     10438
      1762
      9890
      9366
      6388
      5288
      3814
      3346
      1782
      5718
      5284
      8264
      5700
      6870
      2738
      4696
      5880
      7410
      2742
      7990
      5366
      6280
      4216
      5714
      5684
      3140
      4340
      5798
      1688
      8952
      4376
      3378
      5256
      5172
      3670
      8504
      7784
      2162
      8246
      2722
      7798
      8402
      3330
      9448
      4852
      2710
      7766
      7970
      8488
      2258
      2296
      5332
      5862
      5828
      8258
      6712
      2168
      2648
      5272
      5864
      5688
      5704
      2840
      4850
      7878
      3714
      1650
      7992
      5924
      3384
      9336
      8280
      6214
      3874
      5762
      5794
      5796
      8292
      4248
      4664
      3636
      7240
      6212
      8450
      5316
      6790
      3304
      8804
      4152
      5876
      4198
      8324
      6344
      2248
      7782
      3172
      7912
      3126
      6914
      3700
      8274
      4356
      7432
      5698
      4388
      6856
      6818
      7282
      7864
      9428
      6742
      6744
      8482
      6966
      3250
      4358
      4738
      1736
      6706
      5160
      4902
      7364
      4840
      5860
      4918
      7944
      8824
      3138
      4296
      4292
      2214
      5234
      8242
      2260
      3382
      5912
      2278
      7734
      5364
      8344
      1764
      6946
      3336
      3156
      8916
     10436
      9334
      3144
      8806
      7988
      8790
      7894
      2210
      8328
      9910
      4278
      8294
      2294
      8934
      5668
      6968
      6262
      6710
      9972
      7412
      8404
      2754
      4760
      7478
      4360
      4258
      2184
      6342
      7750
      6936
      1730
      5170
      4774
      2744
      2310
      8296
      4772
      3176
      9864
      9954
      5734
      8918
      5752
      7846
      5670
      4390
      2834
      5826
      4374
      7880
      2226
      2312
      6930
      2308
      3862
      8306
      8338
      1778
      6786
      5396
      6920
      4244
      9480
      8982
      3736
      2180
      2230
      9938
      6932
      3892
      7368
      7928
      2772
      9974
      7800
      3124
      4184
      5416
      2788
      3160
      1190
      7736
      6210
      7764
      7254
      8500
      8466
      6756
      7922
      7480
      6242
      8872
      9462
      6758
      7270
      3702
      4276
      4790
      2306
      8968
      7848
      3316
      6456
     10434
      6434
      7288
      5444
      3764
      2806
      5302
      5842
      6872
      6196
      4194
      9976
      4808
      1716
      4196
      7320
      7284
      5750
      7458
      8424
      5156
      9432
      9378
      4804
      2820
      2674
      2280
      2216
      3672
      8370
      3208
      6806
      8852
      6180
      4214
      5414
     10418
      1666
      2200
      8840
      8978
      9348
      5334
      6836
      2792
      8322
      2678
      5874
      8456
      4662
      4264
      4294
      6882
      6916
      5238
      8838
      4312
      9398
      8438
      9944
      7942
      6468
      4742
      6868
      8882
      5736
      1768
      4162
      2164
      6264
      4898
      2804
      6244
      5942
      9330
      2264
      4232
      2724
      6322
      3766
      7220
      6884
      7794
      7842
      6454
      7430
      8452
      6918
      7828
      3286
      6376
      2242
      5768
      7352
      5666
      3348
      8408
      6788
      9942
      4820
      1188
      4146
      7224
      2290
      3876
      2246
      6738
      8434
      8260
      4802
      4148
      4676
      7218
      9400
      6754
      7332
      7954
      8870
      5782
      6372
      6802
      8468
      4230
      6770
      3654
      7832
      3334
      4408
      4226
      5858
      7976
      7862
      7972
      6722
      3880
      4728
      4758
      4914
      7796
      2644
      5298
      7768
      7272
      7906
      5218
      6230
      8376
      8312
     10406
      4310
      7304
      1218
      4740
      4262
      4306
      4308
      6246
      5892
      3810
      1714
      4328
      2760
      8984
      7908
      3734
      3762
      9912
      7816
      4260
      9928
      2786
      3364
      6306
      3778
      2148
      6438
      5800
      8470
      8484
      1734
      2198
      5368
      9474
      9384
      7826
      6724
      7958
      5944
      7476
      6708
      8808
      5378
      3300
      8502
      6360
      4744
      7938
      5154
      4324
      7234
      7926
      5300
      5304
      5320
      6312
      6326
      6328
      6834
      6338
      6340
      7350
      7442
      6392
      3634
      7730
      5716
      7876
      9858
      7814
      9846
      4168
      2166
      2152
      5224
      8372
      9960
      2146
      3716
      5832
      1748
      5960
      9860
      6452
      6934
      4404
      3204
      8276
      3864
      7460
      9368
      7378
      5362
      5430
      6902
      1192
      5442
      4866
      5220
      4200
      4756
      3688
      2244
      8388
      6886
      5268
      3154
      5222
      5956
      8262
      2262
      6390
      6422
      6850
      8486
      3224
      1656
      4822
      3878
      9394
     10408
      7960
      8354
      3190
      7256
      3784
      6804
      4386
      6808
      7780
      4694
      8308
      8884
      2182
      4322
      3650
      8290
      7426
      5928
      3748
      6824
      5186
      6760
      6740
      5848
      6216
      8440
      6904
      3666
      9396
      8422
      5398
      3284
      9426
      4868
      8340
      4886
      3816
      4856
      7924
      4824
      6232
      5158
      4674
      1652
      3368
      6852
      5400
      6420
      7286
      7748
      4724
      9444
     10440
      8856
      3848
      7394
      8436
      6726
      7896
      7860
      2770
      1766
      3298
      6356
      8964
      5878
      2662
      2642
      2664
      3158
      5384
      7366
      2676
      6228
      5380
      4180
      6260
      4776
      1686
      9464
      3170
      3894
      4370
      8454
      5202
      7348
      3780
      2740
      7346
      8980
      8418
      6470
      3202
      8358
      7318
      1654
      3828
      8392
      8936
      9380
      2802
      5906
      1202
      3890
      6822
      5250
      9458
      2818
      7446
      2756
      3830
      6358
      7316
      6950
      3128
      5958
      7380
      4786
      7238
      4164
      8360
     10422
      3782
      4178
      3686
      2274
      9476
      7974
      1682
      2758
      7336
      6424
      5448
      4834
      4838
      9924
      7268
      5428
      8420
      3220
      6178
      9414
      5254
      3256
      2838
      4806
      7956
      9892
      1670
      3240
      2232
      6296
      1208
      3652
      7300
      3186
      4372
      1186
      8850
      4722
      7314
      9352
      8822
      4920
      9362
      6776
      7778
      6792
      9382
      3718
      5346
      7444
      5778
      6952
      3222
      3288
      2808
      6466
      4872
      3314
      8868
      4692
      6418
      3682
      7382
      7940
      2822
      5940
      4246
      5412
      9862
      1750
      8390
      6290
      5206
      3236
      5236
      7398
      5190
      7414
      8900
      6840
      3812
      4166
      4274
      4290
      8886
      2696
      8786
      1704
      8820
      8342
      3698
      3188
      4882
      6888
      3720
      3826
      9314
      6310
      2836
      8406
      5330
      5240
      4392
      5270
      5174
      2790
      8326
      7844
      3302
      4726
      3270
      6386
      5894
      1702
      3730
      5426
      7858
      3704
      3896
      9332
      9842
      4338
      7890
      8356
      2680
      9906
      7752
      6436
      9896
      7266
      1220
      5394
      7810
      3380
      9958
      2726
      6194
      4710
      7236
      5446
      6854
      6370
      3218
      6292
      6308
      3320
      9940
      4916
      2690
      2660
      5938
      1732
      6404
      8310
      8904
      6450
      6728
      8898
      3362
      3668
      9430
      3640
      7298
      5672
      3142
      4658
      8818
      6406
      2196
      9410
      3238
      5926
      3268
      3796
     10402
      5910
      3832
      3272
      8854
      8930
      9926
      5348
      3752
      3234
      7812
      8902
      9318
      3638
      2728
      4182
     10424
      4690
      7448
      7732
      8374
      7362
      8866
      7462
      5764
      8966
      5252
      3732
      4792
      7428
      6226
      3858
      8836
      6964
      6772
      5204
      4660
      2692
     10404
      8914
      9412
      5766
      1752
      6198
      2774
      4150
      2658
      7830
      1222
      6354
      3206
      8792
      7416
      5282
      8788
      4770
      5336
      3252
     10420
      6838
      9316
      2708
      5432
      4242
      6276
      3798
      9346
      2712
      6184
      1204
      2292
      4706
      4884
      8946
      1224
      3768
      3860
      8920
      6274
      7330
      1206
      3174
      4836
      6820
      6182
      2706
      8932
      4818
      9416
      8472
      9446
      5350
      1700
      3800
      5410
      9894
      9320
      2228
      1746
      6374
      5890
      6278
      6294
      9460
      4342
      5352
      9956
      3750
      9876
      5954
      5318
      3332
      3122
      5208
      3366
      4680
      1780
      8498
      6898
      5896
      6440
      8248
      8834
      4870
      7250
      4708
      3794
      8962
      4904
      7464
      8386
      7222
      8888
      6962
      6258
      4678
      3746
      2694
      7474
      5382
      1784
      5188
      3266
      1720
      9848
      9874
      8950
      7334
      9478
      7396
      2824
      1718
      1672
      7252
      5784
      5176
      1684
      5922
      3282
      4754
      9878
      6948
      1698
      7910
      9970
      7384
      3352
      9350
      5908
      6774
      4712
      6866
      2776
      3350
      7302
      3842
