      1850
       778
      2074
      7690
       634
     11466
      5978
       250
      7706
      2106
      9018
      9498
      1114
     10970
     10890
       586
      1866
     10010
      8218
      4634
     10346
      9306
     10026
      1818
      4458
     10522
       794
      9834
     11386
      7178
      2890
       810
      3434
      9034
      1834
      4122
      6490
     10506
      9562
      5994
      8730
      4138
     11418
      6986
      1242
      1146
      1802
      9530
     10826
      7498
      2346
      8554
     10538
      2874
      7018
       682
     10842
      2394
      5130
      4442
     10058
      9258
      2138
       186
      3946
      1290
      3098
      3594
      9994
      5466
      3082
      2618
     10474
       618
      8746
       746
      3402
      9770
     10458
      7194
      8026
       762
       234
      8522
      9786
      1578
      4650
      7722
      1274
      9818
      1258
       122
      2378
      3626
      1162
       698
      5658
      1610
      8234
      4970
     10314
     10378
      9274
       666
     11482
       602
      3418
      1098
      8778
      2586
      1130
      9802
     10298
      6698
       154
      3914
       218
     11530
     10362
      7530
     10986
      1306
      7514
      1594
      3114
      9546
      6666
      9242
     11514
     11034
     10490
      9050
      4106
      1322
     11018
      4618
     10554
       714
     11370
      6154
     11402
      2362
      2602
      2330
      7002
     11498
      8762
      1178
      2858
       170
       650
      1626
      8538
       106
     10938
      5642
      3930
      6506
     10858
      9290
      8010
     11050
     10042
      1082
     10906
      6170
     10330
       138
      6682
      4938
      4954
      5146
      5482
      4426
      1642
     11450
     10922
      2906
      7210
      2122
     10394
      2090
       730
      8202
      8042
      2634
     11434
       202
       266
     10954
      1338
