      5308
      7724
      5324
      4812
      4828
      5724
      5740
      8284
      6300
      3404
      8828
      5692
      8748
      4972
      2300
     10332
      8396
      5932
      7884
      7276
      3660
      7836
       124
      8844
      2316
      7340
      4620
      5132
      1804
       172
      1308
      1644
      6172
      6396
      2108
      7980
      2220
      9036
     10364
     10028
      8444
      5676
      9372
      3772
      8924
      7468
     10988
      3644
      7228
       108
      9948
      9820
     11372
      5836
      6860
      3692
      6780
      8300
      2396
     11020
      1676
      6956
      4796
      6380
      6316
      6332
      6844
      5852
      6348
      6364
      7388
      5804
      5276
      5292
      4268
      2188
      3948
      4636
      7452
      5244
      3164
      9916
       796
      4428
      9260
      9500
      8940
      6924
      6764
      4780
      7516
      5340
      7372
      2348
      5916
      1772
      6156
      9980
      3388
      3612
      7484
      6748
      3628
      1708
      6204
      3196
      2588
      2076
     10876
      7820
       268
     10892
      3724
      3900
      9308
      1228
      1244
      5260
      5788
      3116
      5196
      7788
      8492
      5708
      8028
      3436
      5180
      1740
      6828
      2092
      6444
      1196
      6412
      7804
      3836
      9388
      8268
      3276
     10940
      3852
      7244
      1868
      3292
      6908
      4236
       812
      1788
      5420
      4380
      8220
      2252
      6428
       220
      9324
      3324
      4860
      2172
      3868
      8540
      5900
      9532
      1164
      6716
      4748
     10972
      8764
     11436
      6812
      3212
      3756
      7212
      4924
      8908
      6268
      2732
      6972
      9420
      3084
      7996
      7916
      8732
      3100
      7692
      5884
      3708
      2620
      4764
      1260
      4396
       620
      9996
      1324
      1340
      2380
       636
      5388
      9788
      6460
      8460
      7772
      6284
      1724
      4220
      9244
      8364
      4732
      8348
      7500
      7420
      7292
      6988
       188
     10492
      2764
       588
      9452
      8316
      8972
      9564
      9484
      5404
      8204
     10828
      6684
      4300
      9516
      9900
       252
      7964
       604
      2684
      8860
      7532
      9052
      4844
      2780
      8508
      2204
      7180
      4700
      1756
      9004
      2636
      1212
      7020
      7756
      5468
      7932
      1292
      7900
      8412
       780
      9932
      5996
      9852
      2860
      2652
      8380
      4668
      5980
      3180
      3244
      9836
     11388
      5772
      8252
      4460
      3260
      4204
     11452
      4188
      8876
      2236
      3820
     10860
      2700
     11052
      8332
      4252
      8956
     10460
      4892
      4684
      7196
      9772
     11468
     10060
      5964
     11420
      7868
      1660
      4444
      2604
      3740
      1132
      8892
      8428
      8812
      3884
      3916
      5644
      7324
      4332
      7948
      7356
      4876
      9276
      8988
      6892
      1628
      3788
      3132
     10508
      7740
      3932
      3148
      4140
      5212
      2668
      2876
      4172
       156
      5356
      5372
      6796
      6876
      4284
      2812
      1180
      2716
      3596
       684
      5484
      9868
      7436
      4124
      4364
      3228
      7404
      3420
      6236
     10844
     10956
     10380
      1692
      9340
      2796
      4956
      1596
      7004
      9884
      6508
      2908
      1852
      9804
      5164
      5228
      3356
      9436
     10524
      8236
      1836
     10316
      7708
     11036
      7260
      8796
      5452
       204
      1612
      8012
     10924
      6476
      7308
      2844
      3340
      2892
      3676
      6220
     10412
      5148
     10012
      3372
      2284
      5868
      2156
      1276
      1116
     10556
      6252
      7852
      2364
      2140
      4348
      5660
      6492
      1580
      4940
      5756
      4156
      9468
      2828
      9404
       700
      4316
      1820
      8044
      4716
      6668
      6700
      4652
      6732
       748
       764
      6188
      3804
      9356
      8556
      1148
      2748
      4908
      8780
      4412
      9292
     10396
     11484
     11004
       652
       716
     10428
     10444
      9020
     11500
      6940
     10300
      2124
       732
     10540
     10044
      5436
     10348
      3308
      8476
     11404
     11516
      5948
       236
      9548
