      5726
      5742
      6366
      5646
      1630
      8302
     11454
      2222
      2814
      6478
      5678
      3918
      3326
      9054
      2158
      4350
      4174
      7406
      7262
      7214
      3262
      2206
      4670
      2238
      3422
      5358
      1742
      2350
       174
      5966
      9406
      8782
      2398
      5374
      8046
      6414
      2286
      5422
      5310
      6318
      6334
      5838
      6350
      6862
      5806
      5294
      3246
      2334
      4398
      8318
      3774
      3838
      8414
      5854
      4958
      5230
      5790
      3726
      1870
      3406
      9374
      5758
      2718
      9534
      3198
     10350
      7870
      8926
      9470
      8398
      6158
     10446
      8478
      9038
      7422
      2782
      5326
      4798
      5342
      6302
      5278
      4302
      4446
      1230
      7454
      3614
      5774
       798
      4942
      7854
      6254
      7982
      6510
      4734
      9022
     11470
      4206
      8526
      4366
      4814
      6926
      6830
      6846
      6878
      4782
      3758
      3310
      6894
      6446
      7534
      6798
      5198
      4750
      8510
      8494
      8222
      7390
      6782
      9326
      7022
      4862
      6750
      7502
      3150
      8542
      7694
      4190
      9422
      3214
      5918
      3902
      7182
      9518
      1150
      5262
      9806
      8238
      2590
      6430
      6702
      4654
      3854
      5150
      4686
      6686
      7246
      7950
      5934
      9390
      7294
      5438
     10430
      8254
      7470
      6190
      4382
      7886
      1614
      1182
      2766
      5694
      8910
      5982
      2126
      5950
      3182
      5870
      7358
      4894
      9262
      2830
      4830
      9438
      4254
      9310
      6718
      4638
      8942
      5886
      5998
      8382
      4766
      2142
      2606
      3118
      7006
      3886
      9294
      3742
      2670
      5902
      3134
      2702
      3950
      3822
      7998
      2270
      5406
      6734
     11054
      8990
      2638
      7790
      2302
      2174
      8846
      5390
      7198
      2190
      3374
      8766
      6222
      3358
      6670
      5166
      3294
      2686
      4110
      7774
      9550
      3438
      1822
      7838
      7934
      2318
      4926
      6462
      4334
      8446
      7438
      8878
      1662
      7822
      8334
      5662
      3678
      7326
      8350
      3934
      3342
      2910
      8366
      7518
      6910
      2622
      3102
      2878
      8462
      1854
      1326
      4238
      7902
      2750
      1758
      6286
      8734
      6814
      9918
      5470
      6238
      3806
      9502
      6174
      2846
      8830
      6766
      2734
      8558
      8798
      7486
      3230
      3694
      9006
      5454
     10318
     10046
      4318
      4846
     10494
      9566
     10366
      2894
      3166
      7806
      9454
      9246
      4974
      4462
      3390
     10910
      3870
      8030
      1806
      9934
      4126
      4222
      4622
      7918
     10014
      9358
      4270
     10062
      6958
      4142
      1582
      9774
      5182
      3630
      3086
      1086
      6270
      4910
      4286
      5710
      3790
      4158
      4414
      7342
      1342
      6206
      5214
      7278
      4878
      6974
      1790
       270
      8286
      2862
      3278
      2110
      9854
      8814
      8206
      4702
      9486
      9950
      4718
      8014
      3710
       734
      7758
      2078
      8958
      6942
      2654
      7742
       254
      7310
      8430
      1678
      2094
      8270
      9278
      3662
      2254
      1694
      2798
      7374
       782
      1214
      1198
      6398
      5486
      9790
     10302
      2382
      9966
       110
      1598
      1278
     10462
      9982
      1726
      8974
      1838
      7230
      7710
      1118
      5134
      9998
     10542
      6382
      9342
      8862
      5246
     10526
