16584.        11700.   14100.      0.19    0.114  0.016    3.
17608.        11700.   14300.      0.17    0.112  0.012    3.
17986.        11700.   14500.      0.5     0.141  0.077    2.
18950.        11700.   14500.      0.15    0.111  0.010    3.
19666.        11700.   13090.      0.16    0.110  0.010    3.
19666.        13091.   13280.      0.24    0.152  0.034    2.
19666.        13281.   14400.      0.15    0.110  0.010    3.
19620.        12445.   12460.      0.2     0.     0.       4.
19620.        13720.   13770.      0.18    0.     0.       3.
19620.        13815.   13855.      0.19    0.     0.       4.
19620.        14047.   14057.      0.6     0.     0.       3.
19988.        11700.   14500.      0.19    0.110  0.012    3.
20514.        11700.   14500.      0.15    0.111  0.010    3.
20646.        12100.   14500.      0.17    0.113  0.012    2.
20674.        11800.   12420.      0.24    0.158  0.029    2.
20674.        12424.   12440.      0.14    0.     0.       3.
20674.        12441.   12290.      0.16    0.118  0.012    2.
20674.        13291.   13480.      0.15    0.     0.       3.
20674.        13481.   14450.      0.17    0.119  0.014    2.
20644.        12200.   14300.      0.3     0.171  0.055    4.
21510.        11700.   14500.      0.29    0.111  0.017    3.
21560.        11790.   11830.      0.135   0.     0.       4.
21560.        12000.   12180.      0.26    0.158  0.036    3.
21560.        12181.   14500.      0.5     0.275  0.109    2.
21590.        13458.   13463.      16.     0.     0.       3.
21542.        11800.   12800.      0.35    0.	  0.	   3.
21542.        12900.   13855.      0.65    0.145  0.087    2.
22134.        12400.   14020.  	   0.18    0.118  0.013    3.
22134.        14021.   14060.      0.28    0.161  0.042    2.
22134.        14100.   14270.      0.15    0.     0.       3.
22134.        14380.   14400.      0.24    0.     0.       4.
22162.        11817.   11825.      0.18    0.	  0.       4.
22162.        12400.   13850.      0.155   0.114  0.012    2.
22056.        12384.   12396.      4.5     0.     0.       3.
23138.        11700.   14500.      0.17    0.111  0.011    3.
23144.        11800.   14100.      0.14    0.110  0.008    3.
23080.        11700.   14500.      0.155   0.114  0.014    2.
23620.        11800.   11822.      0.14    0.     0.       3.
23620.        12100.   12900.      0.18    0.117  0.014    3.
23620.        12901.   13080.      0.12    0.     0.       4.
23620.        13150.   14500.      0.3     0.118  0.018    3.
23764.        11750.   12730.      0.22    0.13   0.022    3.
23764.        12731.   12880.      0.12    0.     0.       4.
23764.        12881.   14450.      0.22    0.132  0.022    3.
24274.        11700.   14500.      0.26    0.112  0.013    3.
26200.        11700.   14500.      0.22    0.113  0.013    3.
27234.        11700.   12707.      0.22    0.137  0.024    3.
27234.        13236.   14500.      0.22    0.137  0.024    3.
26146.        11700.   12600.      0.15    0.110  0.011    3.
26146.        12601.   13090.      0.155   0.     0.       4.
26146.        13091.   13900.      0.16    0.114  0.013    3.
26146.        14210.   14250.      0.14    0.     0.       3.
27188.        11790.   11808.      0.16    0.     0.       3.
27188.        12000.   12430.      0.28    0.122  0.024    3.
27188.        12450.   12720.      0.23    0.     0.       4.
27188.        12788.   12789.      0.12    0.     0.       3.
27188.        13455.   13465.      0.21    0.     0.       3.
29266.        11700.   14500.      0.225   0.129  0.020    2.
29250.        11750.   12100.      0.14    0.     0.       3.
29250.        12119.   12199.      0.24    0.160  0.033    2.
29250.        12200.   12410.      0.15    0.     0.       3.
29250.        12450.   12500.      0.22    0.     0.       4.
29250.        12501.   14500.      0.16    0.111  0.010    3.
29336.        12740.   13640.      0.165   0.113  0.013    2.
29238.        11800.   14300.      0.21    0.     0.       3.
31286.        11700.   14500.      0.26    0.121  0.016    3.
31826.        11700.   14500.      0.17    0.111  0.011    3.
31890.        11790.   12600.      0.155   0.111  0.010    3.
31890.        12730.   12761.      0.12    0.     0.       4.
31890.        12825.   14500.      0.165   0.112  0.012    3.
31768.        13002.   13203.      0.18    0.     0.       4.
17084.        11700.   14500.      0.22    0.131  0.018    3.
18620.        11700.   12910.      0.24    0.129  0.019    3.
18620.        12911.   13280.      0.28    0.167  0.040    2.
18620.        13281.   14300.      0.19    0.127  0.016    3.
19006.        11700.   14500.      0.185   0.127  0.015    3.
19022.        11700.   14300.      0.21    0.127  0.017    3.
19150.        11700.   14300.      0.25    0.128  0.018    3.
20030.        11700.   14500.      0.2     0.126  0.014    3.
21532.        11700.   14500.      0.18    0.126  0.014    3.
22542.        11790.   12400.      0.2     0.131  0.020    2.
22542.        12410.   13250.      0.18    0.126  0.018    3.
22542.        13251.   14400.      0.215   0.131  0.020    2.
22572.        11700.   14500.      0.24    0.128  0.017    3.
24700.        11700.   14500.      0.255   0.126  0.019    2.
24702.        11700.   14500.      0.175   0.123  0.012    2.
25230.        11700.   12460.      0.175   0.128  0.015    3.
25230.        12465.   12600.      0.16    0.127  0.014    2.
25230.        12601.   13000.      0.22    0.131  0.020    3.
25230.        13001.   14500.      0.19    0.129  0.019    2.
25118.        11700.   14500.      0.19    0.125  0.013    3.
26156.        11700.   14500.      0.2     0.126  0.016    2.
27230.        11700.   13300.      0.19    0.125  0.015    3.
27230.        13301.   13450.      0.26    0.145  0.032    2.
27230.        13451.   13570.      0.14    0.     0.       3.
27230.        13571.   13860.      0.22    0.133  0.022    3.
27230.        13871.   14060.      0.25    0.150  0.031    2.
27230.        14210.   14380.      0.24    0.     0.       3.
27182.        11700.   14500.      0.19    0.128  0.017    3.
28206.        11700.   14500.      0.19    0.123  0.012    2.
29710.        12162.   12163.      0.18    0.     0.       3.
29710.        12175.   12380.      0.165   0.     0.       4.
29710.        12400.   13000.      0.145   0.     0.       3.
29710.        13075.   13275.      0.175   0.129  0.018    2.
29710.        13276.   13670.      0.15    0.     0.       3.
29710.        13720.   14400.      0.21    0.133  0.022    2.
30766.        11700.   14500.      0.21    0.128  0.016    2.
31308.        11700.   14400.      0.2     0.128  0.015    3.
31804.        11700.   12300.      0.15    0.     0.       4.
31804.        12310.   12398.      3.      0.     0.       3.
31804.        12400.   14400.      0.191   0.124  0.013    2.
31966.        11700.   14500.      0.2     0.128  0.016    3.
31822.        11700.   14500.      0.18    0.127  0.014    3.
8948.         12605.   12800.      0.165   0.111  0.011    3.
4340.         12700.   12800.      0.165   0.111  0.010    3.
4340.         13200.   13450.      0.165   0.111  0.010    3.
4340.         13750.   13800.      0.165   0.111  0.010    3.
6666.         11700.   14500.      0.225   0.118  0.020    2.
6698.         12100.   14300.      0.17    0.114  0.013    2.
5688.         11800.   12260.      0.12    0.     0.       3.
5688.         12261.   12500.      0.15    0.     0.       4.
5688.         12650.   14050.      0.145   0.     0.       3.
8242.         11700.   13050.      0.15    0.112  0.011    2.
5718.         11780.   12580.      0.21    0.143  0.037    4.
5718.         12630.   12740.      0.14    0.     0.       3.
5718.         12770.   13080.      0.175   0.118  0.019    2.
5718.         13300.   13900.      0.14    0.     0.       3.
5720.         11780.   12580.      0.2     0.14   0.032    4.
5720.         12620.   12760.      0.145   0.     0.       3.
5720.         12860.   13260.      0.13    0.     0.       4.
5720.         13300.   14400.      0.135   0.     0.       3.
1650.         12400.   14000.      0.135   0.     0.       4.
4260.         11700.   12835.      0.19    0.112  0.013    3.
4260.         12880.   13500.      0.135   0.     0.       4.
4260.         13540.   13615.      0.135   0.     0.       3.
4260.         13800.   14060.      0.13    0.     0.       3.
4324.         12100.   13400.      0.165   0.112  0.012    3.
3304.         11780.   13050.      0.12    0.     0.       4.
3304.         13160.   13940.      0.125   0.     0.       3.
3300.         12610.   12770.      0.135   0.     0.       3.
35556.        12620.   12760.      0.165   0.     0.       4.
11034.        12618.   12632.      0.124   0.     0.       3.
11034.        12700.   14040.      0.135   0.     0.       4.
11034.        14048.   14056.      0.195   0.     0.       3.
8482.         11700.   14500.      0.145   0.112  0.010    2.
7478.         11950.   14500.      0.15    0.111  0.011    3.
7878.         12400.   14100.      0.16    0.     0.       3.
5702.         12350.   12575.      0.17    0.     0.       4.
5702.         12600.   14400.      0.16    0.     0.       3.
8500.         11548.   11822.      0.28    0.     0.       4.
8500.         13458.   13463.      0.145   0.     0.       3.
6668.         11700.   14500.      0.2     0.124  0.016    2.
8284.         11750.   13769.      0.17    0.     0.       4.
8284.         13770.   14000.      0.6     0.178  0.088    3.
8284.         14215.   14245.      0.17    0.     0.       4.
3724.         12050.   14500.      0.16    0.     0.       4.
6302.         12208.   12215.      0.55    0.195  0.074    3.
5310.         11700.   14500.      0.45    0.150  0.055    2.
10508.        11700.   14300.      0.16    0.     0.       4.


