       17084       25189       26291  0.2511740      0.1314446    
  2.0491548E-02           3
       17084       26372       26500  0.1646876      0.1250970    
  1.3409203E-02           3
       17084       26577       27726  0.1831055      0.1281748    
  1.4012787E-02           3
       18620       25198       28000  0.2171397      0.1283453    
  1.6197331E-02           3
       18950       25189       25281  0.2663732      0.1660372    
  3.7609272E-02           4
       18950       25304       25685  0.3331304      0.1725739    
  4.1867737E-02           2
       18950       25725       26683  0.1738667      0.1123255    
  1.0756743E-02           3
       18950       26712       26736  0.2312064      0.1709471    
  3.8199354E-02           4
       18950       26925       28000  0.1621246      0.1122320    
  1.1081579E-02           3
       19006       25189       26379  0.2036691      0.1268734    
  1.7487451E-02           3
       19006       26456       28000  0.2056360      0.1263061    
  1.6436655E-02           3
       19022       25189       28000  0.1938939      0.1254971    
  1.5848529E-02           3
       19150       25189       25483  0.1772642      0.1278520    
  1.5972039E-02           3
       19150       25597       28000  0.1978278      0.1287063    
  1.5754580E-02           3
       19988       25190       25491  0.1322031      0.1092979    
  8.4533691E-03           3
       19988       25596       25685  0.2001524      0.1517265    
  2.4568716E-02           4
       19988       25732       26319  0.1528263      0.1116480    
  1.1409738E-02           3
       19988       26370       26386  0.1831651      0.1348578    
  2.4756322E-02           4
       19988       26399       27549  0.1375079      0.1106262    
  8.8934526E-03           3
       20604       25189       25281  0.2232790      0.1506495    
  3.0511016E-02           4
       20604       25292       28000  0.1901984      0.1287103    
  1.7193127E-02           3
       20646       25189       27727  0.2006292      0.1135205    
  1.3625919E-02           2
       20674       25190       27718  0.1872182      0.1122365    
  1.2984539E-02           3
       21532       25198       26205  0.1664758      0.1261725    
  1.3772594E-02           3
       21532       26285       27727  0.1615882      0.1236049    
  1.1362461E-02           3
       22572       25189       27719  0.2098083      0.1283229    
  1.7471999E-02           3
       22574       25189       26053  0.1661777      0.1232610    
  1.0718928E-02           3
       22574       26181       27727  0.2261996      0.1303024    
  2.0406747E-02           2
       23112       25189       28000  0.2336502      0.1242942    
  1.9087592E-02           2
       23138       25200       25419  0.2033114      0.1151179    
  1.7249640E-02           3
       23138       25473       26386  0.2841353      0.1604326    
  4.1324407E-02           4
       23138       26396       27424  0.1681447      0.1143087    
  1.1890073E-02           3
       23214       25189       25597  0.2199411      0.1364121    
  2.1086432E-02           3
       23214       25730       26205  0.2309680      0.1419330    
  2.5615176E-02           3
       23214       26284       26321  0.1325011      0.1258552    
  4.4082850E-03           4
       23214       26372       26500  0.2210140      0.1437088    
  2.7953101E-02           3
       23214       26501       26513  0.1302361      0.1198173    
  7.6423232E-03           4
       23214       26579       27712  0.2375841      0.1401706    
  2.3393352E-02           3
       23244       25189       25319  0.2381206      0.1532435    
  3.0069897E-02           3
       23244       25354       25491  0.1357198      0.1253709    
  6.7041502E-03           4
       23244       25597       25660  0.1322031      0.1198053    
  8.5250624E-03           3
       23244       25898       26205  0.2350211      0.1544833    
  3.2730043E-02           3
       23244       26285       26500  0.2212524      0.1535445    
  2.9600604E-02           3
       23244       26505       26634  0.1395941      0.1266996    
  8.0841063E-03           4
       23244       26705       27539  0.2239943      0.1554530    
  2.7913360E-02           3
       23620       25224       26205  0.1775622      0.1181899    
  1.4788436E-02           3
       23620       26403       27727  0.3757477      0.1201833    
  2.2831453E-02           3
       23692       25189       25876  0.1455545      0.1206712    
  1.0424601E-02           3
       23692       25939       28000  0.2691150      0.1351767    
  2.2248005E-02           2
       23764       25190       25748  0.2042055      0.1313744    
  2.1333249E-02           3
       23764       25833       25881  0.1291037      0.1140982    
  1.0376381E-02           4
       23764       25896       26298  0.2788901      0.1345449    
  2.6533064E-02           3
       23764       26300       26631  0.1725554      0.1259951    
  2.0183958E-02           4
       23764       26682       26909  0.1797080      0.1323999    
  2.3388932E-02           3
       23764       27100       27354  0.1795292      0.1340852    
  2.3311675E-02           3
       24274       25190       26051  0.2183318      0.1139127    
  1.3811421E-02           3
       24274       26129       26411  0.2603531      0.1720745    
  3.9405793E-02           4
       24274       26453       27726  0.1845956      0.1128326    
  1.2188860E-02           3
       25308       25189       26301  0.2557635      0.1297032    
  2.1135269E-02           3
       25308       26402       27726  0.2000332      0.1312910    
  2.1792928E-02           3
       26156       25282       25319  0.1521111      0.1234157    
  1.3297892E-02           4
       26156       25368       25473  0.1460314      0.1248121    
  1.1601096E-02           3
       26156       25597       25731  0.1272559      0.1222094    
  4.1121799E-03           3
       26156       25808       26283  0.2003312      0.1257759    
  1.5950216E-02           2
       26156       26320       26569  0.2087355      0.1293207    
  1.8000146E-02           2
       26156       26673       27552  0.1741648      0.1245798    
  1.4649518E-02           2
       26200       25189       27726  0.1851916      0.1139174    
  1.2701803E-02           3
       26302       25190       25317  0.1766086      0.1396000    
  1.9314565E-02           3
       26302       25352       25579  0.1641512      0.1225770    
  1.4875622E-02           4
       26302       25596       25740  0.2444983      0.1461278    
  2.6124401E-02           3
       26302       25747       25808  0.3710985      0.1556343    
  7.8228682E-02           4
       26302       25809       26121  0.2172589      0.1432850    
  2.4358228E-02           3
       26302       26198       26299  0.1362562      0.1223187    
  9.7510228E-03           4
       26302       26372       26456  0.2138615      0.1469153    
  2.5304427E-02           3
       26302       26475       26979  0.1670718      0.1248074    
  1.2015092E-02           2
       26302       27101       27727  0.1959801      0.1345873    
  2.4171425E-02           4
       27182       25189       28000  0.1772642      0.1251160    
  1.3540110E-02           3
       27188       26122       26197  0.1404285      0.1148582    
  1.8108500E-02           4
       27188       26456       26504  0.2305508      0.1436919    
  5.1267080E-02           4
       27188       26674       27549  0.6389618      0.1231335    
  4.0396180E-02           3
       27222       25198       25654  0.1128316      0.1075745    
  4.6814401E-03           3
       27222       25723       26054  0.1981854      0.1256449    
  2.0519163E-02           2
       27222       27538       27547  0.1708269      0.1356701    
  1.7756982E-02           4
       27278       25224       25491  0.1509786      0.1237392    
  1.0395614E-02           3
       27278       25597       25951  0.1369715      0.1228727    
  7.9977019E-03           3
       27278       26114       28000  0.2031922      0.1295544    
  1.7682401E-02           2
       27660       25198       27719  0.2334118      0.1330315    
  2.0467946E-02           3
       27784       25189       26205  0.2064109      0.1310815    
  2.0813033E-02           3
       27784       26372       26674  0.2009273      0.1295401    
  1.9138586E-02           3
       27784       26722       26733  0.2033710      0.1512965    
  4.0065989E-02           4
       27784       27314       27354  0.1518130      0.1312643    
  1.3339847E-02           3
       28196       26129       28000  0.8764863      0.3515194    
  0.2209182               4
       28268       25189       27726  0.1946688      0.1281811    
  1.5188682E-02           3
       28382       25189       25213  0.1459122      0.1328439    
  1.2542984E-02           3
       28382       25224       25319  0.1271367      0.1162440    
  6.8540336E-03           4
       28382       25346       25371  0.1699924      0.1258621    
  1.5545105E-02           3
       28382       25388       25951  0.1836419      0.1254366    
  1.5500527E-02           2
       28382       26036       26197  0.1376867      0.1247923    
  1.0974878E-02           4
       28382       26372       26628  0.1562834      0.1261736    
  1.4681144E-02           4
       28382       26667       26736  0.1652241      0.1278110    
  1.4640679E-02           3
       28382       26971       27382  0.1835227      0.1330829    
  1.6476383E-02           3
       28382       27534       27719  0.1607537      0.1245327    
  1.2735303E-02           3
       29234       25723       27727  0.1631975      0.1126357    
  1.2355059E-02           2
       30408       25224       26665  0.2074242      0.1210090    
  1.4249259E-02           2
       30910       25189       25291  0.2315044      0.1413980    
  2.9351914E-02           3
       30910       25292       25579  0.2038479      0.1300238    
  2.1476181E-02           2
       30910       25596       26206  0.2271533      0.1391808    
  2.2248341E-02           3
       30910       26284       26369  0.1469851      0.1240628    
  1.0033880E-02           4
       30910       26372       26939  0.2608299      0.1406149    
  2.5769850E-02           3
       30910       26983       27100  0.1709461      0.1259372    
  1.7625321E-02           4
       30910       27101       27716  0.2241135      0.1394612    
  2.4106801E-02           3
       31286       25189       27549  0.2169609      0.1218574    
  1.5957629E-02           3
       31308       25189       27719  0.2129674      0.1266584    
  1.5785053E-02           3
       31826       25189       28000  0.3368855      0.1598393    
  3.3597346E-02           2
       31890       25214       27719  0.1671314      0.1113312    
  1.0999586E-02           3
       31966       25189       26402  0.2311468      0.1295734    
  1.8783910E-02           3
       31966       26454       28000  0.2350211      0.1269343    
  1.7973013E-02           3
