        1676       20597       22883  0.1881123      0.1226142    
  1.2236673E-02           2
        3304       20570       22414  0.1561046      0.1112413    
  9.7276904E-03           3
        3304       22655       22776  0.1442432      0.1215935    
  1.8048897E-02           4
        3388       20690       20749  0.2294779      0.1505771    
  2.9099626E-02           3
        3388       20870       21476  0.1285076      0.1171231    
  4.9686516E-03           4
        3388       21580       21790  0.1481175      0.1244984    
  1.1397243E-02           3
        3388       21798       21960  0.1386404      0.1189858    
  1.1446167E-02           4
        3388       22027       22035  0.2637506      0.1478442    
  3.3158217E-02           3
        3388       22050       22079  0.1265407      0.1175404    
  6.5696486E-03           4
        3388       22171       22259  0.1291633      0.1239379    
  7.3896665E-03           3
        3388       22279       22872  0.2039671      0.1264066    
  2.2431146E-02           2
        3628       20728       22079  0.1538396      0.1184986    
  9.2259543E-03           3
        3628       22111       22872  0.1360178      0.1193408    
  7.6064109E-03           3
        4196       21900       22074  0.1402497      0.1119589    
  9.7151883E-03           3
        4198       20614       22891  0.1736879      0.1123330    
  1.2320903E-02           3
        4212       21193       21790  0.1578331      0.1165670    
  1.2392541E-02           3
        4242       21704       22064  0.1651049      0.1126941    
  1.1720816E-02           3
        4242       22709       22721  0.1309514      0.1116432    
  9.2520118E-03           3
        4242       22768       22834  0.1304746      0.1186927    
  1.0330008E-02           4
        4260       20910       20932  0.1368523      0.1138210    
  1.2777575E-02           3
        4260       21263       21355  0.1345277      0.1117757    
  9.2386641E-03           3
        4260       21705       22424  0.1595616      0.1117603    
  1.0397720E-02           3
        4260       22600       22870  0.1430511      0.1130754    
  9.6015502E-03           3
        4324       20693       20932  0.1164079      0.1084805    
  5.5878009E-03           4
        4324       21393       21562  0.1380444      0.1154393    
  1.3171650E-02           3
        4324       21953       22446  0.1711249      0.1161373    
  1.3433005E-02           3
        4324       22460       22884  0.1358986      0.1107947    
  9.9294744E-03           4
        4340       21791       22408  0.1748204      0.1100109    
  1.0215278E-02           3
        4392       21263       22414  0.1766086      0.1130340    
  1.1393157E-02           3
        5234       20571       21727  0.1460910      0.1118541    
  1.0844996E-02           3
        5234       21912       21927  0.1139641      0.1056790    
  4.9442244E-03           3
        5778       20622       20878  0.1931190      0.1269520    
  2.5900310E-02           3
        5778       21285       22181  0.2217293      0.1205588    
  1.8891120E-02           3
        5778       22354       22414  0.1978874      0.1278784    
  2.5422188E-02           3
        5804       20570       20617  0.3394485      0.1749992    
  9.5151030E-02           3
        5804       20995       21911  0.1533031      0.1268751    
  1.3064518E-02           3
        5804       21939       21988  0.1680255      0.1264546    
  1.8364687E-02           4
        5804       21989       22017  0.1598001      0.1308680    
  1.5674749E-02           3
        5804       22031       22600  0.1524091      0.1251380    
  9.6976776E-03           3
        5804       22610       22834  0.1722574      0.1300062    
  1.5457387E-02           3
        6154       20582       20753  0.1083016      0.1052618    
  2.6068871E-03           3
        6154       21706       21929  0.1176000      0.1069605    
  6.1877728E-03           3
        6154       22181       22423  0.1260042      0.1135577    
  5.4599182E-03           3
        6302       21290       21561  0.1426935      0.1272559    
  7.2543304E-03           4
        6302       21795       21932  0.9071827      0.2729995    
  0.1458073               3
        6302       21958       22057  0.1598597      0.1299083    
  1.7343331E-02           4
        6302       22112       22151  0.1506805      0.1285293    
  1.4523802E-02           3
        6302       22441       22554  0.1400113      0.1251101    
  9.5431739E-03           4
        6302       22722       22860  0.1739264      0.1332015    
  2.3976447E-02           3
        6332       20750       22880  0.6005168      0.1483645    
  9.2375495E-02           3
        6334       20876       21191  0.1353025      0.1247327    
  7.6878862E-03           3
        6334       21505       21989  0.3254414      0.1873150    
  8.8609844E-02           3
        6334       22768       22891  0.1174808      0.1155337    
  2.1525170E-03           3
        6738       20581       22891  0.2835989      0.1336844    
  4.4163942E-02           2
        7478       20570       22402  0.2220273      0.1192081    
  2.0195698E-02           3
        7478       22557       22879  0.1525283      0.1146443    
  1.2532696E-02           3
        8284       20750       20770  0.6864071      0.2332853    
  0.1317051               3
        8284       20785       20904  0.1655817      0.1311973    
  1.5304071E-02           4
        8284       21023       21259  0.6207824      0.1937377    
  8.0671534E-02           3
        8284       21356       21377  0.3183484      0.1668135    
  6.8523563E-02           3
        8284       21448       21927  0.1705289      0.1238738    
  1.5007700E-02           2
        8284       21939       21978  0.7409453      0.2465333    
  0.1240515               3
        8284       21990       22695  0.1688004      0.1230646    
  1.2945642E-02           2
        8284       22708       22721  0.9129047      0.2682630    
  0.1330709               3
        8284       22722       22891  0.1415014      0.1229261    
  8.6682281E-03           4
        8948       20570       22414  0.1686215      0.1132943    
  1.1131180E-02           3
        8948       22423       22725  0.1876354      0.1254422    
  2.7309874E-02           4
       11468       20791       21568  0.1618862      0.1216337    
  1.1914682E-02           3
       11468       22617       22717  0.1190305      0.1164079    
  3.0207778E-03           3
       16462       20580       22891  0.1929998      0.1218760    
  1.3581762E-02           3
       16494       20570       22493  0.1727939      0.1259361    
  1.5358440E-02           3
       16494       22723       22883  0.1510382      0.1223467    
  9.8414812E-03           3
       16510       20571       22887  0.3061295      0.1249822    
  2.3800658E-02           3
       16924       21193       21447  0.1543760      0.1313537    
  1.4552757E-02           3
       16924       21726       21745  0.1270771      0.1187523    
  6.5388139E-03           3
       16924       21817       22872  0.1764297      0.1244732    
  1.4900143E-02           2
       17084       20616       22884  0.2624989      0.1301416    
  1.7209318E-02           3
       17470       20570       21087  0.1283288      0.1163065    
  5.3708334E-03           3
       17470       21192       21476  0.1471043      0.1201970    
  1.1754656E-02           3
       17470       21528       22600  0.1668334      0.1253152    
  1.3921703E-02           3
       17470       22614       22891  0.1863241      0.1267791    
  1.6681256E-02           3
       17582       20695       22883  0.1679063      0.1240909    
  1.2021873E-02           3
       17598       20657       20994  0.1488328      0.1253113    
  1.3043043E-02           3
       17598       21288       22718  0.1511574      0.1239083    
  9.4365962E-03           3
       17598       22765       22878  0.1294613      0.1179311    
  7.0321001E-03           3
       17630       20571       21723  0.1702905      0.1277203    
  1.6238105E-02           3
       17630       21755       22609  0.1825690      0.1230941    
  1.4053768E-02           3
       17630       22686       22878  0.1581311      0.1294911    
  1.3578710E-02           3
       18124       20869       20928  0.1450181      0.1250580    
  1.1270452E-02           3
       18124       21189       21587  0.1595020      0.1264744    
  1.8540679E-02           4
       18124       21876       21910  0.1280904      0.1193682    
  6.2077586E-03           4
       18124       21949       22035  0.1264215      0.1190752    
  4.3949550E-03           3
       18124       22090       22870  0.1788139      0.1254792    
  1.6231278E-02           2
       18460       20694       22883  0.2149940      0.1271485    
  1.7763747E-02           3
       18606       20718       22408  0.1769662      0.1259042    
  1.4926746E-02           3
       18606       22462       22598  0.1254082      0.1162440    
  5.6354324E-03           3
       18606       22824       22884  0.1441240      0.1265183    
  1.0416825E-02           3
       18620       20570       22891  0.1978874      0.1281918    
  1.6133672E-02           3
       18950       20692       22891  0.1703501      0.1110651    
  9.6571138E-03           3
       18974       20750       20808  0.1218319      0.1156032    
  4.0882165E-03           3
       18974       20869       21225  0.1457930      0.1237772    
  9.4955284E-03           4
       18974       21288       21447  0.1418591      0.1271665    
  8.7115793E-03           4
       18974       21469       21503  0.1698732      0.1304516    
  1.6033322E-02           3
       18974       21504       21974  0.1951456      0.1243261    
  1.4543859E-02           2
       18974       21989       22031  0.1852512      0.1297693    
  2.5639633E-02           3
       18974       22076       22424  0.1677871      0.1240592    
  1.2521471E-02           2
       18974       22557       22891  0.1735687      0.1245906    
  1.4401063E-02           2
       19004       20571       21217  0.1760721      0.1277608    
  1.9177038E-02           4
       19004       21273       21524  0.1518726      0.1271442    
  1.1830118E-02           3
       19004       21689       22884  0.1775026      0.1214445    
  1.1918980E-02           2
       19006       20616       20702  0.1246333      0.1180669    
  4.9806335E-03           3
       19006       20750       22838  0.1858473      0.1251641    
  1.4003811E-02           3
       19006       22861       22891  0.1718402      0.1309084    
  1.6414827E-02           3
       19022       20599       22891  0.2169013      0.1251842    
  1.5263427E-02           3
       19032       20570       21701  0.1716614      0.1160433    
  1.4093770E-02           2
       19032       22338       22892  0.1686811      0.1153276    
  1.2442904E-02           2
       19086       20752       22878  0.1797676      0.1235847    
  1.2627051E-02           3
       19150       20570       22884  0.2273917      0.1299352    
  1.8434083E-02           3
       19468       20616       20753  0.2560616      0.1617074    
  6.6730909E-02           3
       19468       21297       21448  0.1912713      0.1252790    
  2.1685312E-02           4
       19468       21735       21870  0.1524091      0.1205916    
  1.1252754E-02           4
       19468       21906       22075  0.1279712      0.1208782    
  6.3942885E-03           3
       19468       22111       22301  0.1894832      0.1267067    
  1.5553190E-02           2
       19468       22409       22441  0.1364350      0.1233965    
  1.0609457E-02           3
       19468       22458       22891  0.1750588      0.1277550    
  1.4799295E-02           2
       19486       20719       22809  0.1552701      0.1221895    
  1.0539306E-02           3
       19518       20864       22171  0.2461672      0.1270465    
  2.1230541E-02           3
       19518       22300       22878  0.1398921      0.1199516    
  7.6644095E-03           3
       19630       20910       22582  0.1971722      0.1248047    
  1.6172329E-02           3
       19630       22722       22863  0.1801252      0.1330674    
  2.0755408E-02           3
       19988       20792       20904  0.1537204      0.1149972    
  1.8409537E-02           3
       19988       20929       20994  0.1891255      0.1442703    
  2.1160018E-02           4
       19988       21168       22891  0.1544952      0.1109337    
  9.9830739E-03           3
       19998       20755       20907  0.1394749      0.1301964    
  7.0587364E-03           3
       19998       21289       21442  0.1369119      0.1205206    
  9.0262415E-03           4
       19998       21505       21777  0.1499057      0.1210570    
  1.1221675E-02           3
       19998       21795       21932  0.1469851      0.1282742    
  1.2117900E-02           4
       19998       21953       22028  0.1567006      0.1246432    
  1.5445965E-02           3
       19998       22059       22718  0.1993179      0.1234981    
  1.5564024E-02           2
       19998       22824       22883  0.1301169      0.1195371    
  6.4203790E-03           3
       20190       20570       20791  0.1286864      0.1175702    
  6.1447276E-03           3
       20190       21168       22583  0.1738071      0.1271298    
  1.6631773E-02           3
       20190       22622       22718  0.1236200      0.1154741    
  5.8262204E-03           3
       20504       20703       21185  0.1952648      0.1393251    
  2.4524592E-02           4
       20514       20571       20868  0.1114011      0.1046856    
  3.5824049E-03           3
       20514       21204       22870  0.1444817      0.1103326    
  9.9336943E-03           3
       20536       20570       21259  0.1799464      0.1157758    
  1.5307630E-02           2
       20558       20616       22891  0.2401471      0.1301324    
  1.9699421E-02           2
       20574       20570       20789  0.1539588      0.1218319    
  1.3416424E-02           3
       20574       20873       21587  0.1324415      0.1215068    
  7.5109210E-03           3
       20574       21724       22881  0.1563430      0.1247144    
  1.2252114E-02           4
       20604       20581       22891  0.1907349      0.1274939    
  1.5488144E-02           3
       20622       20570       20705  0.1958609      0.1373092    
  2.4321839E-02           3
       20622       21189       22710  0.1653433      0.1223667    
  1.2580758E-02           3
       20674       20571       21226  0.1752973      0.1219700    
  1.7170254E-02           2
       20674       21288       22879  0.1700521      0.1113495    
  1.2304981E-02           3
       21020       21286       21701  0.1974106      0.1388540    
  2.7661387E-02           4
       21020       21709       22182  0.1258850      0.1168985    
  3.9616469E-03           3
       21020       22725       22883  0.1223683      0.1174927    
  3.8949086E-03           3
       21022       20581       22891  0.2408624      0.1261602    
  1.7836213E-02           2
       21054       20651       22882  0.1680255      0.1250994    
  1.2926203E-02           3
       21198       20616       20754  0.1354814      0.1256267    
  7.0116087E-03           3
       21198       21191       21525  0.1709461      0.1346111    
  2.3094086E-02           3
       21198       21556       21614  0.1316667      0.1207590    
  7.4352119E-03           4
       21198       21689       22891  0.1841187      0.1280001    
  1.8352054E-02           3
       21510       20624       20695  0.1053810      0.1033843    
  1.6476667E-03           3
       21510       20750       22891  0.2739429      0.1548648    
  3.0875254E-02           2
       21532       20696       22891  0.1787543      0.1257440    
  1.4539696E-02           3
       21560       20571       22878  0.1739860      0.1154023    
  1.5204830E-02           2
       22030       20571       21568  0.1428127      0.1223558    
  9.6240751E-03           3
       22030       21717       22064  0.1292229      0.1190390    
  6.2037813E-03           3
       22030       22066       22558  0.1636744      0.1239838    
  1.3988174E-02           4
       22030       22655       22891  0.1359582      0.1199543    
  8.8058943E-03           3
       22062       20911       22872  0.1688004      0.1207868    
  1.1058570E-02           3
       22134       20696       20752  0.1295209      0.1143946    
  1.0332894E-02           3
       22134       21165       21511  0.1631975      0.1212300    
  1.6527854E-02           3
       22134       21719       21932  0.1596808      0.1162577    
  1.3077984E-02           3
       22134       21933       21988  0.2596378      0.1510989    
  3.6925111E-02           4
       22134       21989       22884  0.1563430      0.1159363    
  1.1878710E-02           3
       22188       20755       20878  0.1280308      0.1207391    
  5.7116807E-03           4
       22188       21217       22881  0.2777576      0.1266671    
  2.4563637E-02           2
       22540       20571       22891  0.2067089      0.1268131    
  1.7060392E-02           3
       22542       20570       21511  0.1875162      0.1247798    
  1.6076943E-02           3
       22542       21540       22891  0.1748204      0.1246552    
  1.3485248E-02           3
       22572       20570       22173  0.2272129      0.1295817    
  1.8717602E-02           3
       22572       22292       22425  0.1894236      0.1304597    
  2.1507250E-02           3
       22572       22441       22889  0.1783371      0.1293791    
  1.6896049E-02           3
       22574       21356       21870  0.1902580      0.1262036    
  1.4177443E-02           2
       22574       21871       21909  0.1497269      0.1258417    
  1.1515686E-02           3
       22574       21929       21988  0.1886487      0.1278269    
  2.1194452E-02           4
       22574       21989       22878  0.1772046      0.1238436    
  1.5051355E-02           3
       22614       20657       22884  0.2983809      0.1190823    
  2.4314065E-02           2
       22622       20614       22883  0.1805425      0.1230450    
  1.2570835E-02           3
       22630       21504       22891  0.5782843      0.1248376    
  3.9665598E-02           2
       22658       20671       22861  0.5268455      0.1224525    
  4.1891489E-02           2
       22670       20753       22408  0.4708171      0.1282064    
  4.7732577E-02           3
       22670       22423       22842  0.1468062      0.1270455    
  1.0228990E-02           3
       22670       22861       22878  0.1470447      0.1273751    
  1.3913874E-02           3
       23096       22127       22300  0.3575087      0.1710228    
  9.5723279E-02           4
       23096       22557       22834  0.2323985      0.1298040    
  4.3841474E-02           4
       23112       20570       22884  0.2203584      0.1257081    
  1.9055288E-02           2
       23138       20618       20869  0.1564026      0.1122395    
  1.1947350E-02           3
       23138       20910       22558  0.1652241      0.1137540    
  1.1926518E-02           3
       23138       22723       22868  0.1399517      0.1150103    
  9.9926312E-03           3
       23214       20581       22891  0.2591610      0.1405313    
  2.4666511E-02           3
       23244       20580       22465  0.2630949      0.1545164    
  3.0543506E-02           3
       23244       22555       22891  0.2428889      0.1542092    
  3.1858217E-02           3
       23596       20583       22891  0.1717210      0.1247470    
  1.3259212E-02           3
       23620       20570       22884  0.2651811      0.1185251    
  1.5831301E-02           3
       23628       20570       21613  0.1735091      0.1285884    
  1.5104999E-02           3
       23628       21705       22135  0.1481771      0.1207995    
  9.9338815E-03           3
       23628       22260       22414  0.1731515      0.1339729    
  2.0421118E-02           4
       23628       22439       22882  0.1879930      0.1277700    
  2.0999731E-02           3
       23630       21191       21370  0.1220703      0.1149376    
  3.3275357E-03           3
       23630       21705       22718  0.1815557      0.1210599    
  1.5228608E-02           3
       23630       22873       22884  0.1313686      0.1237591    
  5.7820948E-03           3
       23650       20658       22868  0.3528595      0.1247605    
  3.5325702E-02           2
       23652       21445       22884  0.2830029      0.1154090    
  1.9964935E-02           2
       23662       20754       22794  0.1630783      0.1227584    
  1.1297688E-02           3
       23662       22819       22891  0.1672506      0.1313024    
  1.7896472E-02           4
       23692       20750       20863  0.1637340      0.1274675    
  1.5645966E-02           4
       23692       20935       21216  0.1161098      0.1133680    
  2.0551272E-03           3
       23692       21288       22136  0.1661777      0.1273513    
  1.6037446E-02           3
       23692       22169       22301  0.2158284      0.1310894    
  1.8354135E-02           2
       23692       22353       22465  0.1717806      0.1260307    
  1.7187115E-02           3
       23692       22490       22554  0.2139211      0.1468817    
  2.9928736E-02           4
       23692       22571       22883  0.1576543      0.1214176    
  1.3817825E-02           3
       23764       20580       22878  0.2566576      0.1309104    
  2.1414340E-02           3
       23772       20581       22883  0.1907945      0.1267320    
  1.5957689E-02           3
       24078       20599       20808  0.1339316      0.1196116    
  8.5023642E-03           3
       24078       21187       21614  0.1814365      0.1337647    
  2.2581646E-02           3
       24078       21689       22074  0.1867414      0.1291960    
  1.7619191E-02           2
       24078       22130       22884  0.2191067      0.1265367    
  2.1686858E-02           3
       24092       20571       22884  0.1710057      0.1262441    
  1.3423989E-02           3
       24142       21168       22884  0.1793504      0.1239975    
  1.3018242E-02           2
       24158       20571       20753  0.1240373      0.1181364    
  4.7343574E-03           3
       24158       20791       22878  0.1716018      0.1243630    
  1.2639510E-02           3
       24254       20571       20791  0.1243949      0.1170933    
  4.2158463E-03           3
       24254       21168       22079  0.1526475      0.1220396    
  1.2440808E-02           3
       24254       22127       22494  0.1479983      0.1205048    
  9.3233073E-03           4
       24254       22598       22883  0.1705289      0.1263171    
  1.7316891E-02           3
       24274       20600       21259  0.1549125      0.1107860    
  1.0325590E-02           3
       24274       21285       21337  0.2189279      0.1583639    
  3.5765119E-02           4
       24274       21356       22878  0.2118349      0.1130669    
  1.1985990E-02           3
       24638       20750       20786  0.1261830      0.1205603    
  7.4517275E-03           3
       24638       21166       21790  0.1677275      0.1263507    
  1.6478531E-02           3
       24638       21953       22891  0.1539588      0.1225290    
  9.9413795E-03           3
       24734       20727       20754  0.1432896      0.1245588    
  1.1394260E-02           3
       24734       21189       21588  0.1452565      0.1262327    
  1.1575378E-02           3
       24734       21726       22891  0.1846552      0.1251279    
  1.6286669E-02           2
       25112       21219       22060  0.2877116      0.1366983    
  5.6675851E-02           4
       25112       22686       22872  0.2318025      0.1511276    
  4.7688186E-02           4
       25118       20580       21726  0.1664758      0.1251984    
  1.3684471E-02           3
       25118       21728       22892  0.1779199      0.1273097    
  1.4781097E-02           3
       25164       21168       21577  0.1497269      0.1186683    
  1.0284288E-02           3
       25164       21705       22402  0.2292395      0.1399309    
  2.5245251E-02           2
       25164       22403       22459  0.1496673      0.1274943    
  1.1120716E-02           3
       25164       22490       22570  0.1997352      0.1345245    
  2.2714674E-02           4
       25164       22571       22884  0.1437664      0.1232654    
  1.0128067E-02           3
       25262       20570       20749  0.2129674      0.1405536    
  2.3964325E-02           2
       25262       20754       20770  0.1244545      0.1167258    
  5.6150686E-03           3
       25262       20786       20863  0.1875162      0.1380128    
  1.9906633E-02           4
       25262       20869       21591  0.1611710      0.1199368    
  1.1331600E-02           3
       25262       21689       22446  0.1469254      0.1210780    
  9.9173682E-03           3
       25262       22460       22884  0.1704693      0.1224498    
  1.3165709E-02           3
       25308       20580       20721  0.1927614      0.1487335    
  3.1999279E-02           3
       25308       20791       22436  0.2231598      0.1301071    
  2.2975784E-02           3
       25308       22468       22493  0.1537204      0.1328140    
  1.4122222E-02           3
       25308       22571       22891  0.1791716      0.1277261    
  1.6836412E-02           3
       25630       20571       21166  0.1477003      0.1205206    
  9.6432650E-03           3
       25630       21219       22613  0.1789927      0.1260377    
  1.4638770E-02           3
       25630       22709       22883  0.1708269      0.1242109    
  1.3727382E-02           3
       25662       20704       20808  0.1318455      0.1191100    
  9.1517633E-03           3
       25662       21191       21206  0.1282692      0.1186877    
  5.9442730E-03           3
       25662       21527       22870  0.1820922      0.1263157    
  1.6920999E-02           3
       25694       20580       22891  0.2617240      0.1259218    
  2.2004761E-02           3
       25724       20570       22887  0.2117753      0.1270047    
  1.8457660E-02           2
       26146       20727       20790  0.1115203      0.1079291    
  4.1690855E-03           3
       26146       21720       22465  0.1931787      0.1148096    
  1.4255956E-02           3
       26146       22495       22698  0.1590848      0.1161013    
  1.8902875E-02           4
       26146       22710       22889  0.1943111      0.1147544    
  1.5856842E-02           3
       26156       20599       22887  0.2328157      0.1265783    
  1.9392427E-02           2
       26200       20719       22891  0.1874566      0.1132326    
  1.2117246E-02           3
       26226       20571       22887  0.3038049      0.1317372    
  4.0956501E-02           2
       26248       20750       21011   2.435327      0.3933224    
  0.3203580               3
       26248       21528       22694  0.2015829      0.1146939    
  1.7652618E-02           2
       26248       22837       22872  0.1070499      0.1048247    
  1.9310659E-03           3
       26302       20570       22878  0.2362728      0.1449955    
  2.4626115E-02           3
       26316       20910       22878  0.3002286      0.1261545    
  3.1146385E-02           2
       26318       20671       21909  0.1599789      0.1190134    
  1.1973435E-02           3
       26318       21949       21960  0.1452565      0.1239777    
  1.3118051E-02           3
       26318       22005       22173  0.1504421      0.1249739    
  1.3890058E-02           3
       26318       22354       22862  0.1291633      0.1168777    
  6.0912962E-03           3
       26334       20580       22891  0.1835823      0.1246499    
  1.3292849E-02           3
       26652       20568       22570  0.2174377      0.1262954    
  1.5498964E-02           2
       26652       22686       22891  0.1878142      0.1252795    
  1.7279796E-02           3
       26670       20571       20808  0.1382828      0.1235434    
  8.7532271E-03           3
       26670       21167       21225  0.1916885      0.1320158    
  2.1805273E-02           4
       26670       21273       22889  0.1720190      0.1226045    
  1.2725976E-02           3
       26732       21000       22884  0.1736879      0.1266174    
  1.2545360E-02           3
       26734       20602       22891  0.1760721      0.1248656    
  1.3839882E-02           3
       26750       20570       20790  0.1813173      0.1254848    
  2.3123344E-02           3
       26750       20869       22280  0.1632571      0.1222042    
  1.1927611E-02           3
       26750       22312       22884  0.1792908      0.1295039    
  1.6934698E-02           3
       26766       20616       20791  0.1263618      0.1178265    
  5.6047756E-03           3
       26766       20869       22885  0.1893044      0.1264458    
  1.4576034E-02           3
       26830       20616       20729  0.1153350      0.1127919    
  1.8085367E-03           3
       26830       20791       22889  0.1993775      0.1261760    
  1.8105285E-02           3
       26846       20750       22335  0.1593828      0.1224893    
  1.0002459E-02           3
       26846       22354       22883  0.1720190      0.1243455    
  1.6565565E-02           3
       27182       20570       21891  0.1783967      0.1251807    
  1.3596874E-02           3
       27182       21896       22891  0.2145767      0.1272931    
  1.7557450E-02           3
       27188       20755       20910  0.2565980      0.1740853    
  6.0666196E-02           4
       27188       21167       21392  0.2131462      0.1193125    
  1.6534192E-02           3
       27188       21759       22049  0.1130700      0.1062353    
  4.2884527E-03           4
       27188       22080       22110  0.1820922      0.1255333    
  1.9799536E-02           3
       27188       22368       22465  0.1062751      0.1045267    
  2.1442806E-03           4
       27230       20570       22887  0.1883507      0.1247806    
  1.4015512E-02           3
       27234       21168       21733  0.1987219      0.1365560    
  2.2356994E-02           3
       27234       21759       22414  0.2423525      0.1366300    
  2.2101132E-02           3
       27234       22494       22583  0.1829267      0.1308203    
  2.9808879E-02           4
       27234       22726       22891  0.1391768      0.1186331    
  1.1369221E-02           4
       27278       20570       22891  0.2083778      0.1319878    
  1.9528294E-02           2
       27294       20693       22884  0.1661777      0.1234289    
  1.3274936E-02           3
       27326       20616       22767  0.1636744      0.1193454    
  1.0188667E-02           3
       27326       22822       22883  0.2192855      0.1293793    
  2.6298186E-02           4
       27660       20570       22884  0.2244711      0.1335646    
  1.9427979E-02           3
       27704       21297       22868  0.3999472      0.1597727    
  8.3293445E-02           4
       27730       20695       21225  0.3082156      0.1610782    
  7.0910387E-02           4
       27734       20570       21259  0.2156496      0.1424614    
  2.5520068E-02           4
       27734       21261       21899  0.1347661      0.1090725    
  8.6003281E-03           3
       27734       21953       22892  0.1731515      0.1111101    
  1.2054598E-02           3
       27742       20570       21225  0.1524091      0.1233856    
  1.1359838E-02           4
       27742       21383       22878  0.1453757      0.1207864    
  9.1140838E-03           3
       27784       20570       20808  0.1803637      0.1270650    
  1.8583676E-02           3
       27784       21167       22861  0.2151132      0.1317442    
  2.0984292E-02           3
       28182       21191       21520  0.1145005      0.1058408    
  4.6885968E-03           4
       28182       21735       22465  0.3978610      0.1425633    
  7.4496776E-02           2
       28182       22796       22887  0.1183748      0.1119971    
  7.7101439E-03           3
       28188       20750       22461  0.1869798      0.1241134    
  1.4771958E-02           3
       28188       22571       22892  0.2362728      0.1361236    
  2.3816306E-02           2
       28194       21297       22652  0.3836155      0.1252336    
  4.8387889E-02           2
       28206       20571       22884  0.1854300      0.1239626    
  1.3697226E-02           2
       28264       20571       22528  0.3504753      0.1314654    
  5.2759200E-02           2
       28264       22777       22861  0.2157688      0.1347139    
  3.7454855E-02           4
       28268       20570       21565  0.2176166      0.1284453    
  1.7454347E-02           3
       28268       21705       22883  0.2216101      0.1274484    
  1.5800858E-02           3
       28316       20582       21377  0.1642704      0.1278582    
  1.5176045E-02           4
       28316       21588       22883  0.3334880      0.1290193    
  2.7135430E-02           2
       28318       20571       21735  0.1707673      0.1239459    
  1.3679060E-02           3
       28318       21755       22887  0.1882315      0.1272298    
  1.6955858E-02           3
       28332       21000       22494  0.1917481      0.1245248    
  1.4645640E-02           2
       28332       22600       22885  0.1294613      0.1214594    
  6.9509102E-03           3
       28382       20615       21504  0.1463890      0.1216910    
  1.1140839E-02           3
       28382       21707       22126  0.1882315      0.1235893    
  1.7945997E-02           2
       28382       22151       22171  0.1640320      0.1337528    
  1.7679926E-02           3
       28382       22278       22335  0.1628399      0.1261490    
  1.5763799E-02           4
       28382       22337       22363  0.1779199      0.1399655    
  2.2903925E-02           3
       28382       22368       22436  0.1310706      0.1222690    
  6.0936660E-03           4
       28382       22695       22891  0.1662970      0.1210153    
  1.5009251E-02           2
       28750       20581       22868  0.1989007      0.1251645    
  1.6529037E-02           2
       28782       20570       20790  0.1255870      0.1199394    
  5.6701954E-03           3
       28782       21219       22889  0.1910925      0.1229785    
  1.5867645E-02           3
       28798       20750       21216  0.1324415      0.1191582    
  6.9727823E-03           3
       28798       21556       22885  0.1542568      0.1214877    
  9.9927709E-03           3
       28830       20571       21217  0.1665950      0.1230141    
  1.4209333E-02           3
       28830       21289       22883  0.2024174      0.1243637    
  1.6363770E-02           3
       29250       20719       22062  0.1520514      0.1097779    
  9.7066527E-03           3
       29250       22087       22168  0.2898574      0.1588905    
  3.3886936E-02           2
       29250       22270       22650  0.1336336      0.1088558    
  8.7123811E-03           3
       29250       22695       22892  0.2477765      0.1613053    
  3.2814983E-02           4
       29336       21939       22000  0.1432896      0.1139903    
  1.1603463E-02           4
       29336       22061       22558  0.2005100      0.1139939    
  1.6177857E-02           2
       29372       21192       21376  0.1333356      0.1194676    
  7.9404367E-03           3
       29372       21540       22548  0.1681447      0.1272143    
  1.4538351E-02           4
       29372       22636       22883  0.1375079      0.1231978    
  7.6624043E-03           3
       29374       20571       22834  0.2012849      0.1266477    
  1.7553631E-02           3
       29710       20911       22062  0.1553893      0.1241133    
  1.2596590E-02           3
       29710       22067       22558  0.2255440      0.1331439    
  2.3394944E-02           2
       29710       22577       22870  0.1309514      0.1179150    
  6.4392812E-03           3
       29718       20571       21303  0.3474355      0.1616570    
  7.8349210E-02           4
       29718       21356       21504  0.1536012      0.1202822    
  1.9572714E-02           3
       29718       21527       22891  0.3960729      0.1436951    
  7.0469484E-02           2
       29724       20570       20969  0.1772046      0.1257766    
  1.8175313E-02           4
       29724       21001       21129  0.1249313      0.1190752    
  5.1460816E-03           3
       29724       21262       21295  0.1417398      0.1219064    
  1.1451292E-02           4
       29724       21469       21511  0.2329350      0.1375760    
  3.3202872E-02           3
       29724       21589       22891  0.1686215      0.1224202    
  1.2846088E-02           2
       29726       20570       20857  0.1381040      0.1196428    
  8.0359802E-03           4
       29726       20870       20969  0.1665354      0.1257509    
  1.4420000E-02           3
       29726       20997       21185  0.1341105      0.1187054    
  7.7123782E-03           3
       29726       21193       21225  0.1224279      0.1151164    
  5.2357884E-03           4
       29726       21262       21550  0.2394915      0.1308755    
  2.5253549E-02           3
       29726       21689       21723  0.1218319      0.1170238    
  3.4580603E-03           3
       29726       21755       22884  0.1703501      0.1222743    
  1.3790096E-02           2
       29806       20570       20808  0.1528263      0.1278162    
  1.3123268E-02           3
       29806       21168       22074  0.1401901      0.1193682    
  9.3465038E-03           3
       29806       22126       22887  0.1672506      0.1241253    
  1.4910172E-02           4
       29868       21191       21545  0.1420975      0.1223207    
  1.0855253E-02           3
       29868       21839       22153  0.1256466      0.1163110    
  5.7861200E-03           3
       29868       22260       22301  0.1847744      0.1415831    
  2.1221371E-02           4
       29868       22424       22870  0.1436472      0.1196563    
  9.8006576E-03           3
       29876       22067       22884  0.2237558      0.1127979    
  2.1093432E-02           2
       29892       20910       22891  0.1460910      0.1100570    
  9.1421921E-03           3
       30238       21206       21225  0.1384616      0.1239330    
  9.1216937E-03           4
       30238       21303       22884  0.4127622      0.1328747    
  4.6038415E-02           3
       30254       21217       22077  0.1736879      0.1218484    
  1.4902362E-02           3
       30254       22130       22709  0.1313686      0.1197577    
  6.0108784E-03           3
       30748       20658       20790  0.1246929      0.1166761    
  5.4219184E-03           3
       30748       21166       22300  0.1996756      0.1234157    
  1.6870784E-02           3
       30748       22354       22891  0.1571774      0.1229586    
  1.0631073E-02           3
       30766       20718       21204  0.1422763      0.1210272    
  9.2213601E-03           3
       30766       21288       21557  0.1386404      0.1241244    
  1.0831290E-02           3
       30766       21707       22870  0.1564622      0.1215703    
  1.0518963E-02           3
       30798       20571       22891  0.1838207      0.1241348    
  1.4550102E-02           3
       30814       20755       22887  0.1534224      0.1230199    
  1.2397163E-02           3
       30860       20719       20791  0.1159310      0.1123349    
  2.5763416E-03           3
       30860       21168       21591  0.2091527      0.1401901    
  3.3649169E-02           3
       30860       21838       22414  0.1923442      0.1298219    
  2.0938618E-02           3
       30860       22695       22884  0.1234412      0.1173284    
  4.3115192E-03           3
       30862       20583       22883  0.1869202      0.1259856    
  1.6934808E-02           3
       30894       20599       22708  0.1696348      0.1244538    
  1.1957129E-02           3
       30894       22725       22891  0.1659393      0.1266824    
  1.3435708E-02           4
       30910       20570       21165  0.2083778      0.1378255    
  2.5048891E-02           3
       30910       21191       21356  0.1990795      0.1347824    
  2.0735746E-02           3
       30910       21358       22721  0.2862215      0.1378775    
  2.4376230E-02           3
       30910       22724       22891  0.1828671      0.1263491    
  1.6906409E-02           2
       30926       20722       20969  0.1277924      0.1200835    
  3.9943070E-03           3
       30926       21377       22891  0.1738667      0.1241408    
  1.2553338E-02           3
       30942       20580       21440  0.1496673      0.1261099    
  1.2640762E-02           3
       30942       21512       22889  0.1875162      0.1247698    
  1.6321484E-02           3
       31278       20570       22300  0.1784563      0.1244032    
  1.3088021E-02           3
       31278       22403       22891  0.1942515      0.1301154    
  2.0100871E-02           3
       31286       20600       22887  0.1826882      0.1219607    
  1.5192145E-02           3
       31308       20571       22891  0.1952052      0.1267189    
  1.4464431E-02           3
       31330       21356       22465  0.1913905      0.1118120    
  1.0796065E-02           3
       31330       22681       22883  0.1550913      0.1103537    
  9.4096633E-03           3
       31406       20571       22725  0.1549721      0.1224494    
  1.0838424E-02           3
       31406       22767       22883  0.1581907      0.1273318    
  1.1798350E-02           3
       31774       20571       22883  0.1734495      0.1239385    
  1.2982531E-02           3
       31804       20657       22891  0.2022982      0.1241516    
  1.3769719E-02           2
       31822       20599       22889  0.1933575      0.1263887    
  1.5134750E-02           3
       31826       20616       21889  0.1465678      0.1102105    
  9.7091952E-03           3
       31826       21893       21932  0.2360344      0.1594040    
  3.1280890E-02           4
       31826       21958       22004  0.1182556      0.1070239    
  5.2981186E-03           3
       31826       22025       22891  0.2596378      0.1605341    
  3.3351455E-02           4
       31836       20624       20791  0.1978874      0.1358092    
  3.5950303E-02           4
       31836       21297       22891  0.1950860      0.1256114    
  1.5751919E-02           2
       31852       20599       22891  0.2159476      0.1251278    
  1.6543286E-02           2
       31886       20727       20875  0.1349449      0.1231432    
  9.1432109E-03           3
       31886       21219       22891  0.1804233      0.1231316    
  1.4120111E-02           3
       31890       20614       22884  0.1629591      0.1113008    
  1.0288362E-02           3
       31902       20568       20770  0.1421571      0.1266599    
  1.2870461E-02           3
       31902       21357       22141  0.2004504      0.1238343    
  1.4655811E-02           2
       31902       22173       22885  0.1412034      0.1244744    
  1.0156349E-02           3
       31966       20615       22884  0.2077818      0.1269108    
  1.5354315E-02           3
       32334       20570       20904  0.1487732      0.1272342    
  1.2127349E-02           3
       32334       21190       22870  0.1956224      0.1239756    
  1.4813196E-02           3
       38572       20571       20750  0.9353757      0.2915740    
  0.3222575               3
       38572       21191       21203  0.2703071      0.1673102    
  7.2872028E-02           4
       38572       21339       22151  0.5312562      0.1601662    
  0.1059488               3
       38572       22266       22465  0.1375079      0.1195967    
  9.8586418E-03           3
       38572       22726       22868  0.1307130      0.1192093    
  8.6022764E-03           3
       38572       22883       22891  0.2309680      0.1938343    
  4.8198145E-02           3
       38594       22274       22763  0.5363822      0.2268255    
  0.1490362               3
       38604       20616       20791  0.2065897      0.1497626    
  3.5814222E-02           3
       38604       21588       22153  0.1687407      0.1283963    
  1.6217673E-02           3
       38604       22300       22422  0.1541972      0.1383871    
  1.1792586E-02           3
       38604       22571       22871  0.2482533      0.1694411    
  5.6612503E-02           3
       11052       22715       22721   46.52917       6.915855    
   6.337048               3
