     41220
     38994
     34546
     38164
     38034
     41602
     36516
     42082
     41170
     41700
     41138
     39620
     42178
     40098
     40052
     41154
     39492
     38002
     38594
     38596
     38610
     39106
     38066
     39076
     39090
     39092
     40116
     40020
     38564
     34484
     37490
     37538
     36930
     38996
     42738
     37474
     35012
     33972
     40690
     34500
     34916
     33986
     37684
     36642
     42226
     41074
     43186
     38212
     37522
     38004
     39236
     36964
     34530
     40626
     34468
     40644
     35524
     37954
     35026
     37666
     36402
     35428
     40164
     43204
     38434
     36434
     41620
     43170
     42610
     37956
     35444
     34978
     38436
     41042
     39650
     37170
     41122
     41746
     39188
     37026
     42196
     35554
     37428
     36466
     36004
     38466
     36018
     41156
     36052
     39476
     38514
     37010
     40660
     38642
     37986
     36946
     37682
     34482
     35042
     40628
     37570
     36020
     36914
     41652
     41172
     37620
     38530
     41060
     33954
     40642
     39668
     40548
     37426
     40066
     40738
     38116
     36594
     35028
     38626
     39506
     40612
     39732
     41732
     40708
     37058
     37652
     37140
     37444
     34980
     39572
     40034
     41026
     35604
     35954
     39666
     36980
     38148
     41748
     38180
     42148
     36484
     39618
     35602
     35986
     35060
     36132
     36978
     34498
     40114
     35522
     37524
     36404
     40578
     43202
     38452
     41668
     36562
     35458
     39634
     38082
     36500
     40546
     42628
     38130
     35938
     37508
     42210
     39074
     42244
     41250
     37618
     38516
     42706
     37602
     37572
     39522
     39588
     38562
     41058
     39986
     38628
     34548
     35940
     35508
     42626
     38660
     38978
     36436
     38020
     37108
     39730
     40004
     38498
     41218
     37636
     35410
     38644
     41666
     35924
     36660
     43188
     38146
     35058
     39698
     33970
     41202
     40178
     37938
     37074
     38546
     41570
     40226
     39122
     39042
     35460
     37988
     40594
     36114
     39172
     37154
     36612
     35988
     34996
     37492
     37124
     42146
     39218
     36498
     36932
     37588
     41204
     38178
     38084
     37460
     39028
     38482
     36530
     38132
     37540
     38068
     41108
     37476
     42674
     42642
     41650
     39602
     37092
     39684
     34452
     42180
     36036
     40212
     41684
     38980
     35412
     40146
     35906
     36068
     39508
     36468
     36546
     37940
     39058
     36628
     40100
     41714
     38098
     40018
     41586
     42130
     38468
     42658
     40610
     36082
     41716
     38962
     35010
     40036
     40500
     35044
     41554
     38658
     40724
     42100
     36996
     34450
     40564
     40756
     41682
     38114
     37650
     41588
     36130
     35490
     40676
     42084
     43172
     35506
     41572
     36564
     37138
     37924
     37604
     36100
     36116
     38548
     41090
     40532
     40562
     35426
     35972
     34946
     41236
     36514
     39170
     36548
     38964
     36578
     37060
     38036
     37106
     36596
     37090
     39234
     37586
     35538
     42690
     34948
     41044
     34420
     40692
     39714
     41730
     35076
     36050
     37922
     39652
     40740
     39570
     40148
     38484
     38018
     39716
     34964
     39474
     35922
     40516
     40530
     36658
     36644
     40244
     39220
     36002
     34434
     40196
     39604
     35570
     38612
     42724
     42116
     41634
     38946
     37556
     35476
     37076
     39682
     35970
     42676
     39026
     35572
     38210
     36420
     40082
     40130
     37044
     39540
     35556
     41556
     35586
     40162
     36948
     34532
     39140
     34436
     39138
     41698
     40580
     35442
     36482
     37172
     34914
     37554
     42740
     38052
     40180
     40674
     33988
     42132
     42612
     42722
     41252
     37506
     37442
     36418
     41124
     39586
     36580
     34932
     39012
     36994
     38450
     34418
     40754
     38948
     39636
     42644
     40210
     42164
     39156
     40722
     36916
     39154
     39124
     37458
     42692
     40242
     40596
     34930
     38500
     37028
     34516
     36098
     35540
     42114
     39108
     42242
     39202
     38194
     35474
     41604
     37634
     40706
     39186
     37042
     36962
     40194
     37970
     41076
     38532
     37972
     42162
     39010
     34466
     42212
     35908
     39204
     42660
     39490
     38162
     35074
     40514
     36610
     37012
     37122
     34994
     36084
     41188
     35956
     41618
     39554
     38196
     34514
     40084
     35492
     36452
     40658
     39060
     42228
     40002
     33956
     41092
     34962
     40228
     35588
     39538
     42708
     39556
     40132
     41186
     37668
     36066
     42098
     38050
     39700
     41028
     36034
     41234
     36450
     42194
     38100
     39524
     36532
     37156
     41140
     41636
     41106
     40068
     36626
     40498
     40050
     39044
     39988
