     44234
     41546
     41498
     40458
     36890
     41514
     37194
     42586
     39770
     37226
     34346
     43754
     33498
     34394
     34602
     42314
     34106
     44266
     44282
     43274
     38922
     36186
     39450
     40986
     33930
     32874
     34026
     33034
     42762
     43226
     43738
     42602
     43162
     40474
     42266
     43802
     35354
     43786
     43706
     43146
     33866
     34874
     37898
     32938
     36170
     33850
     39786
     33418
     37210
     36362
     43722
     43626
     41818
     35626
     43290
     36682
     35146
     34010
     42826
     33898
     42538
     39946
     38426
     40810
     43066
     39754
     35386
     33530
     43674
     41530
     42010
     42026
     32986
     35866
     34890
     43114
     39978
     37418
     42058
     41802
     35130
     41290
     35882
     39274
     34362
     42570
     44298
     44138
     41786
     42330
     40266
     43258
     37914
     34058
     43242
     32890
     37402
     38250
     33882
     35098
     42554
     42282
     33450
     44250
     34842
     39962
     33562
     40490
     34042
     37386
     36906
     44154
     43658
     35898
     34906
     35642
     35674
     36378
     33402
     42810
     34410
     42298
     40778
     43610
     35162
     34570
     42794
     37706
     33002
     44218
     33946
     36714
     33914
     42778
     32954
     33434
     34378
     41018
     44202
     43306
     37722
     43770
     32906
     44186
     34090
     39466
     41002
     35114
     43098
     37738
     35402
     43690
     39258
     32970
     38410
     38234
     32922
     38938
     34586
     36874
     43322
     36394
     42042
     34618
     33466
     36154
     40298
     43082
     33482
     35370
     33386
     39434
     40282
     34634
     40794
     33018
     44170
     42074
     34074
     41770
     34858
     35658
     33370
     43642
