     38604
     38620
     39116
     39132
     39644
     40156
     38076
     38092
     37564
     39084
     39100
     39612
     38540
     38556
     38572
     38012
     38028
     38044
     38060
     37500
     37548
     36508
     36524
     36012
     33404
     37580
     38204
     36956
     38412
     38988
     39788
     39628
     40508
     43676
     35580
     37916
     39596
     36092
     38156
     42060
     33548
     41516
     37676
     44172
     42108
     33884
     38956
     40604
     40540
     35420
     34524
     41580
     41228
     35372
     34956
     34076
     33388
     39164
     34924
     42172
     40044
     34380
     42572
     38124
     37628
     41084
     42316
     36124
     33436
     39580
     40780
     35036
     43068
     40284
     34092
     33516
     43276
     37724
     34364
     37404
     34620
     36908
     37420
     36892
     37020
     37132
     42604
     42028
     33916
     37228
     43724
     33932
     36156
     35660
     35132
     42780
     42268
     40188
     41532
     42796
     39660
     34908
     36188
     36060
     36076
     36108
     40076
     42284
     35996
     35084
     43292
     41500
     39980
     41276
     41212
     38636
     39052
     40668
     36044
     35452
     42140
     38428
     37388
     37900
     37148
     35628
     40988
     39276
     36364
     34540
     38652
     41116
     42236
     37036
     35916
     34588
     40012
     37004
     35564
     39964
     41612
     42252
     42764
     42076
     37532
     43324
     38460
     35532
     36940
     39948
     41052
     35516
     38492
     40556
     33964
     36540
     34844
     37180
     34636
     34028
     34988
     33852
     34060
     33948
     39996
     39068
     33980
     43180
     33020
     42748
     40620
     35052
     36652
     37084
     36492
     35484
     35964
     33468
     34428
     36460
     41772
     35676
     38748
     38172
     36412
     35644
     39148
     37740
     34476
     41756
     41804
     39692
     41564
     40268
     41196
     38140
     40124
     34396
     39740
     40636
     43612
     44284
     38236
     38940
     41004
     36444
     33036
     33868
     37596
     42204
     35068
     42540
     36172
     35884
     38108
     37052
     39500
     42716
     41548
     41036
     39772
     43116
     35164
     33532
     40748
     41180
     39180
     40732
     37612
     37660
     40060
     38524
     43164
     43100
     35900
     41820
     35004
     41788
     37644
     39724
     34604
     36380
     40652
     37484
     38508
     37980
     34012
     42124
     34492
     38764
     40172
     35436
     37196
     39756
     35980
     41660
     38188
     40716
     35148
     33452
     37164
     33996
     40700
     33900
     33500
     42684
     40204
     43308
     36876
     34444
     42700
     32924
     42636
     32892
     40492
     40092
     43228
     37708
     42668
     41644
     43660
     40028
     39708
     36716
     40572
     37452
     38252
     40140
     43692
     42220
     42332
     35932
     41244
     38444
     40108
     43772
     38476
     42156
     40460
     39212
     36028
     42652
     36396
     41164
     40684
     40812
     35116
     37948
     40476
     42556
     41020
     39516
     36588
     40252
     41692
     42588
     41068
     41148
     37100
     35468
     34556
     35404
     44268
     34940
     36572
     34876
     36556
     39004
     42812
     36140
     43244
     37116
     33372
     43212
     35548
     39196
     36988
     42620
     38924
     43788
     39260
     35388
     35868
     38220
     36428
     32876
     39484
     39020
     43148
     36700
     37932
     41132
     44220
     36972
     41708
     32956
     37996
     35596
     39036
     41724
     36604
     42300
     40764
     43196
     42012
     38732
     34860
     44204
     35948
     41292
     44156
     44252
     40796
     43756
     39468
     34460
     40588
     35020
     41100
     34892
     35612
     41740
     35100
     34972
     39436
     41596
     39564
     39548
     37468
     37964
     32988
     33420
     35356
     32972
     43740
     43084
     43260
